model_id,is_adapter,D,M,N,alpha,alpha_weighted,entropy,log_alpha_norm,log_norm,log_spectral_norm,longname,matrix_rank,norm,num_evals,spectral_norm,stable_rank,xmax,xmin,params
kaitchup/Mayonnaise-4in1-03,False,0.026146352291107178,4096,4096,1.4275404214859009,2.477175862273821,0.601844847202301,2.9769556522369385,2.453124439303135,1.735275460498256,model.layers.0.self_attn.q_proj,2201,283.87322998046875,2285,54.359500885009766,5.222145629721003,54.359500885009766,1.0012374332291074e-05,16777216
kaitchup/Mayonnaise-4in1-03,False,0.02313864231109619,1024,4096,1.453466534614563,1.6532271080198264,0.588350236415863,2.143388271331787,1.8905095207380194,1.1374373393868589,model.layers.0.self_attn.k_proj,975,77.71583557128906,975,13.72262954711914,5.663334079262114,13.72262954711914,1.0242917596769985e-05,4194304
kaitchup/Mayonnaise-4in1-03,False,0.043479204177856445,1024,4096,4.391362190246582,-2.995133842357597,0.9659262895584106,-2.599457025527954,1.2255556758200021,-0.6820511979198454,model.layers.0.self_attn.v_proj,1024,16.809534072875977,1024,0.20794515311717987,80.83638315630074,0.20794515311717987,0.0005187874776311219,4194304
kaitchup/Mayonnaise-4in1-03,False,0.03450906276702881,4096,4096,3.0235581398010254,-0.2758199211230284,1.0854172706604004,0.34339046478271484,1.837240651666951,-0.09122362077058639,model.layers.0.self_attn.o_proj,3943,68.74492645263672,3943,0.8105435967445374,84.81336072327689,0.8105435967445374,1.000682186713675e-05,16777216
kaitchup/Mayonnaise-4in1-03,False,0.019887447357177734,14336,4096,2.3817830085754395,1.40725925772549,1.1348085403442383,2.607994318008423,2.777637236172248,0.5908427647097799,model.layers.0.mlp.gate_proj,4096,599.290283203125,4096,3.898008346557617,153.74268855333935,3.898008346557617,0.00035392073914408684,58720256
kaitchup/Mayonnaise-4in1-03,False,0.047414034605026245,14336,4096,3.2477259635925293,0.6343848540092627,1.163679599761963,1.9209188222885132,2.727571287591558,0.19533201419110088,model.layers.0.mlp.up_proj,4096,534.0369262695312,4096,1.5679492950439453,340.59578836990624,1.5679492950439453,0.0004220664850436151,58720256
kaitchup/Mayonnaise-4in1-03,False,0.031386733055114746,4096,14336,4.070814609527588,0.8656189495840448,1.186966896057129,1.438711404800415,2.702410813355148,0.2126402287046176,model.layers.0.mlp.down_proj,4096,503.97711181640625,4096,1.6316996812820435,308.8663420099624,1.6316996812820435,0.010015565901994705,58720256
kaitchup/Mayonnaise-4in1-03,False,0.05286513268947601,4096,4096,2.942505359649658,2.671221842538374,0.9470709562301636,3.132899284362793,2.4341941328257617,0.907805259819957,model.layers.1.self_attn.q_proj,3101,271.765380859375,3101,8.087331771850586,33.60383727613393,8.087331771850586,1.0021044545283075e-05,16777216
kaitchup/Mayonnaise-4in1-03,False,0.03873312473297119,1024,4096,2.9560656547546387,1.7608010642995626,0.8385285139083862,2.188709259033203,2.003131117970407,0.5956569541909291,model.layers.1.self_attn.k_proj,969,100.72357177734375,969,3.9414584636688232,25.55489870203715,3.9414584636688232,1.1010949492629152e-05,4194304
kaitchup/Mayonnaise-4in1-03,False,0.11091387271881104,1024,4096,4.3674635887146,-4.463635436069673,1.012972354888916,-2.902604579925537,1.4070164321726406,-1.022020068490915,model.layers.1.self_attn.v_proj,1024,25.527978897094727,1024,0.09505608677864075,268.55701472902314,0.09505608677864075,0.002158866496756673,4194304
kaitchup/Mayonnaise-4in1-03,False,0.021417289972305298,4096,4096,3.5307483673095703,0.06316158135462388,1.1367655992507935,0.25732603669166565,2.0237505977329566,0.017889006744129146,model.layers.1.self_attn.o_proj,4023,105.62107849121094,4023,1.042051076889038,101.35883051580772,1.042051076889038,1.0047879186458886e-05,16777216
kaitchup/Mayonnaise-4in1-03,False,0.01944214105606079,14336,4096,2.6919727325439453,2.019401950058352,1.1590040922164917,2.4705538749694824,2.7723693007148458,0.7501569111920364,model.layers.1.mlp.gate_proj,4096,592.0648803710938,4096,5.625445365905762,105.24764562810121,5.625445365905762,0.00053086580010131,58720256
kaitchup/Mayonnaise-4in1-03,False,0.05779141187667847,14336,4096,3.400592803955078,0.08185912561725915,1.1785117387771606,1.5126328468322754,2.7195433942043796,0.024072016361986196,model.layers.1.mlp.up_proj,4096,524.2559814453125,4096,1.056992769241333,495.9882382370528,1.056992769241333,0.0004625249421223998,58720256
kaitchup/Mayonnaise-4in1-03,False,0.02396857738494873,4096,14336,5.2679314613342285,0.16024428978394065,1.1942763328552246,0.5512734651565552,2.7087590339417247,0.030418825863644586,model.layers.1.mlp.down_proj,4096,511.39801025390625,4096,1.0725531578063965,476.80434907284774,1.0725531578063965,0.00831971038132906,58720256
kaitchup/Mayonnaise-4in1-03,False,0.028806954622268677,4096,4096,3.842108726501465,1.9250446367614247,1.1158630847930908,2.1017818450927734,2.499345206124769,0.5010385634022194,model.layers.2.self_attn.q_proj,4000,315.7513427734375,4000,3.169848918914795,99.61084923931823,3.169848918914795,1.0173234841204248e-05,16777216
kaitchup/Mayonnaise-4in1-03,False,0.030341923236846924,1024,4096,5.792599678039551,1.1694217300740994,0.9880332946777344,1.2054599523544312,2.1124041259912714,0.2018820210392787,model.layers.2.self_attn.k_proj,1024,129.54006958007812,1024,1.5917762517929077,81.38082813722708,1.5917762517929077,1.2702766071015503e-05,4194304
kaitchup/Mayonnaise-4in1-03,False,0.06214451789855957,1024,4096,8.123722076416016,-8.375390436712614,1.0206384658813477,-7.936297416687012,1.3411571516612322,-1.0309794399573586,model.layers.2.self_attn.v_proj,1024,21.935985565185547,1024,0.0931151956319809,235.57900959455773,0.0931151956319809,0.0023634948302060366,4194304
kaitchup/Mayonnaise-4in1-03,False,0.014332503080368042,4096,4096,3.923323392868042,-0.2156824175822199,1.1356505155563354,-0.0729026198387146,1.965341767575973,-0.05497441734583877,model.layers.2.self_attn.o_proj,4017,92.32977294921875,4017,0.8811007738113403,104.78911799138679,0.8811007738113403,1.0009035577240866e-05,16777216
kaitchup/Mayonnaise-4in1-03,False,0.029883503913879395,14336,4096,3.953252077102661,2.1559861507171783,1.1832081079483032,2.27178692817688,2.764038692776847,0.5453702695066439,model.layers.2.mlp.gate_proj,4096,580.816162109375,4096,3.5105104446411133,165.45062926561184,3.5105104446411133,0.0007095701876096427,58720256
kaitchup/Mayonnaise-4in1-03,False,0.01751980185508728,14336,4096,9.397089004516602,-1.641054485359192,1.1922465562820435,-1.3156840801239014,2.7110697021171957,-0.17463434522865945,model.layers.2.mlp.up_proj,4096,514.1261596679688,4096,0.6689068675041199,768.6064901476021,0.6689068675041199,0.0007677217945456505,58720256
kaitchup/Mayonnaise-4in1-03,False,0.011760830879211426,4096,14336,4.38572883605957,0.164245640131532,1.189793586730957,1.0689271688461304,2.705242748881577,0.037450021711579684,model.layers.2.mlp.down_proj,4096,507.274169921875,4096,1.0900590419769287,465.3639393714708,1.0900590419769287,0.010066102258861065,58720256
kaitchup/Mayonnaise-4in1-03,False,0.02869439125061035,4096,4096,2.927366256713867,2.032944613993251,1.0948618650436401,2.365048885345459,2.499201880333558,0.6944619961136483,model.layers.3.self_attn.q_proj,3948,315.64715576171875,3948,4.948368072509766,63.78813199350902,4.948368072509766,1.0028814358520322e-05,16777216
kaitchup/Mayonnaise-4in1-03,False,0.04501056671142578,1024,4096,3.9190332889556885,1.5091874094046691,0.9562250971794128,1.7638088464736938,2.1351384285554844,0.38509175557598413,model.layers.3.self_attn.k_proj,1024,136.50181579589844,1024,2.4271228313446045,56.24017624203949,2.4271228313446045,1.195900586026255e-05,4194304
kaitchup/Mayonnaise-4in1-03,False,0.059674084186553955,1024,4096,6.43795919418335,-6.61724109085236,1.0278666019439697,-5.455613136291504,1.4473410583377602,-1.0278476286135816,model.layers.3.self_attn.v_proj,1024,28.011802673339844,1024,0.09378910064697266,298.66799532258887,0.09378910064697266,0.0034806039184331894,4194304
kaitchup/Mayonnaise-4in1-03,False,0.026792019605636597,4096,4096,3.923586845397949,-0.5423169566712538,1.1492727994918823,-0.3411359488964081,2.056107944553047,-0.13821968979923252,model.layers.3.self_attn.o_proj,4035,113.79100799560547,4035,0.7274117469787598,156.4327335490887,0.7274117469787598,1.0096736332343426e-05,16777216
kaitchup/Mayonnaise-4in1-03,False,0.02180624008178711,14336,4096,3.5358452796936035,1.7856329330407545,1.1825274229049683,2.0934596061706543,2.7650679304216763,0.5050087862429001,model.layers.3.mlp.gate_proj,4096,582.1942749023438,4096,3.1989598274230957,181.99486905445983,3.1989598274230957,0.0010956956539303064,58720256
kaitchup/Mayonnaise-4in1-03,False,0.020092427730560303,14336,4096,9.220693588256836,-1.5093785157767228,1.1940051317214966,-1.320175051689148,2.7052657923947088,-0.16369468319596003,model.layers.3.mlp.up_proj,4096,507.30108642578125,4096,0.6859703063964844,739.537967890648,0.6859703063964844,0.0009830363560467958,58720256
kaitchup/Mayonnaise-4in1-03,False,0.028368055820465088,4096,14336,6.307094097137451,-0.002689645501323908,1.1895005702972412,0.4610530138015747,2.70367540566819,-0.00042644765717775405,model.layers.3.mlp.down_proj,4096,505.4467468261719,4096,0.9990185499191284,505.9433049237057,0.9990185499191284,0.008926097303628922,58720256
kaitchup/Mayonnaise-4in1-03,False,0.045506030321121216,4096,4096,4.663613796234131,2.4010484853489213,1.1022136211395264,2.4941210746765137,2.441037421488017,0.5148471958136346,model.layers.4.self_attn.q_proj,4006,276.0815734863281,4006,3.2722554206848145,84.37042284081542,3.2722554206848145,1.0435309377498925e-05,16777216
kaitchup/Mayonnaise-4in1-03,False,0.06189006567001343,1024,4096,4.8185224533081055,0.6564758412020363,0.9699937105178833,0.9152549505233765,2.047492219831051,0.13624007101001256,model.layers.4.self_attn.k_proj,1024,111.55581665039062,1024,1.3684850931167603,81.51774338755811,1.3684850931167603,0.00017270447278860956,4194304
kaitchup/Mayonnaise-4in1-03,False,0.08619734644889832,1024,4096,5.341101169586182,-5.445709819574429,1.0219379663467407,-4.110156536102295,1.43470188882221,-1.019585596053473,model.layers.4.self_attn.v_proj,1024,27.208330154418945,1024,0.09559042751789093,284.6344645683959,0.09559042751789093,0.0033874136861413717,4194304
kaitchup/Mayonnaise-4in1-03,False,0.04308256506919861,4096,4096,3.4644429683685303,-0.9323731379540465,1.1365115642547607,-0.10143474489450455,2.041050757913176,-0.2691264213228247,model.layers.4.self_attn.o_proj,4025,109.9134292602539,4025,0.5381131172180176,204.25710829814668,0.5381131172180176,1.0060127351607662e-05,16777216
kaitchup/Mayonnaise-4in1-03,False,0.02554231882095337,14336,4096,3.220306396484375,2.1744078336561667,1.1803970336914062,2.434659719467163,2.7800822881062524,0.675217686127624,model.layers.4.mlp.gate_proj,4096,602.6737670898438,4096,4.733884811401367,127.31061086199831,4.733884811401367,0.002525483490899205,58720256
kaitchup/Mayonnaise-4in1-03,False,0.02804851531982422,14336,4096,7.639943599700928,-1.5838441248573536,1.1956055164337158,-0.9849940538406372,2.694640808198896,-0.2073109708453024,model.layers.4.mlp.up_proj,4096,495.04058837890625,4096,0.6204246282577515,797.9060885591485,0.6204246282577515,0.0019436110742390156,58720256
kaitchup/Mayonnaise-4in1-03,False,0.019677072763442993,4096,14336,5.732902526855469,0.03263157282089945,1.1918379068374634,0.399061918258667,2.691956536321455,0.005691981098237521,model.layers.4.mlp.down_proj,4096,491.99029541015625,4096,1.0131925344467163,485.5842090060623,1.0131925344467163,0.0109404893592,58720256
kaitchup/Mayonnaise-4in1-03,False,0.0378870964050293,4096,4096,4.515986442565918,2.2234444214205777,1.1161315441131592,2.306932210922241,2.4586209301674327,0.49234966705463556,model.layers.5.self_attn.q_proj,4027,287.4888000488281,4027,3.107060194015503,92.52759267508213,3.107060194015503,1.0220236617897172e-05,16777216
kaitchup/Mayonnaise-4in1-03,False,0.047158896923065186,1024,4096,5.302182674407959,0.6899633482837164,0.9818953275680542,0.8761528730392456,2.071181415739965,0.1301281737451186,model.layers.5.self_attn.k_proj,1024,117.80979919433594,1024,1.3493610620498657,87.30783961956527,1.3493610620498657,0.000881242798641324,4194304
kaitchup/Mayonnaise-4in1-03,False,0.050006330013275146,1024,4096,8.328914642333984,-9.0864720512801,1.0298290252685547,-8.368779182434082,1.3786123458440798,-1.0909551173805556,model.layers.5.self_attn.v_proj,1024,23.91180419921875,1024,0.08110448718070984,294.827142497561,0.08110448718070984,0.0026539424434304237,4194304
kaitchup/Mayonnaise-4in1-03,False,0.03546103835105896,4096,4096,4.342696189880371,-1.7424638161452672,1.1486499309539795,-1.091444730758667,2.036724583722032,-0.4012400913989028,model.layers.5.self_attn.o_proj,4030,108.823974609375,4030,0.39697203040122986,274.1351185356404,0.39697203040122986,1.0132956958841532e-05,16777216
kaitchup/Mayonnaise-4in1-03,False,0.01490776240825653,14336,4096,3.2615604400634766,2.556014498868534,1.179517149925232,2.6487720012664795,2.7968740240321055,0.7836784097181374,model.layers.5.mlp.gate_proj,4096,626.43212890625,4096,6.07684850692749,103.08503300553394,6.07684850692749,0.0016195386415347457,58720256
kaitchup/Mayonnaise-4in1-03,False,0.015839621424674988,14336,4096,7.534407615661621,-1.080023762897725,1.1955326795578003,-0.8678027391433716,2.682777950488079,-0.143345544598981,model.layers.5.mlp.up_proj,4096,481.7014465332031,4096,0.7188767790794373,670.075123514282,0.7188767790794373,0.0017890650779008865,58720256
kaitchup/Mayonnaise-4in1-03,False,0.0216863751411438,4096,14336,4.5737223625183105,-0.3019063900472424,1.1900004148483276,0.6923697590827942,2.680558028604083,-0.06600890174737487,model.layers.5.mlp.down_proj,4096,479.2454833984375,4096,0.8589959144592285,557.9135771561164,0.8589959144592285,0.006905395537614822,58720256
kaitchup/Mayonnaise-4in1-03,False,0.02290475368499756,4096,4096,3.8902502059936523,2.088585630662574,1.1109575033187866,2.2049474716186523,2.4422400852189643,0.5368769410884473,model.layers.6.self_attn.q_proj,4019,276.84716796875,4019,3.442523717880249,80.41982878166486,3.442523717880249,1.0013265637098812e-05,16777216
kaitchup/Mayonnaise-4in1-03,False,0.03129994869232178,1024,4096,5.182451248168945,1.1552358839020394,0.9761583805084229,1.2323733568191528,2.074287547125624,0.2229130248567616,model.layers.6.self_attn.k_proj,1024,118.65541076660156,1024,1.6707559823989868,71.01899500382332,1.6707559823989868,0.0004518258501775563,4194304
kaitchup/Mayonnaise-4in1-03,False,0.05593806505203247,1024,4096,5.672459125518799,-5.778612864589352,1.024232029914856,-4.687899589538574,1.4001287856088025,-1.0187138834712792,model.layers.6.self_attn.v_proj,1024,25.126314163208008,1024,0.09578248858451843,262.3268045602778,0.09578248858451843,0.002266532275825739,4194304
kaitchup/Mayonnaise-4in1-03,False,0.03381118178367615,4096,4096,4.063364028930664,-1.8590067038459654,1.1417597532272339,-0.720944344997406,2.0438467541918475,-0.4575043463027336,model.layers.6.self_attn.o_proj,4026,110.62333679199219,4026,0.34873509407043457,317.2130900300198,0.34873509407043457,1.019682258629473e-05,16777216
kaitchup/Mayonnaise-4in1-03,False,0.0093955397605896,14336,4096,3.7745273113250732,2.7360982268534526,1.184211254119873,2.7738823890686035,2.797789128247584,0.7248849991478606,model.layers.6.mlp.gate_proj,4096,627.7534790039062,4096,5.307438850402832,118.27804270533613,5.307438850402832,0.0016480002086609602,58720256
kaitchup/Mayonnaise-4in1-03,False,0.010855376720428467,14336,4096,6.826606750488281,-0.7732285786931576,1.195346713066101,-0.47640734910964966,2.6902557172046606,-0.11326689920110772,model.layers.6.mlp.up_proj,4096,490.0672912597656,4096,0.7704298496246338,636.0959294328154,0.7704298496246338,0.0017942304257303476,58720256
kaitchup/Mayonnaise-4in1-03,False,0.012664854526519775,4096,14336,4.335958480834961,0.49050118282001554,1.1876254081726074,1.166907787322998,2.687080828633468,0.11312404973157432,model.layers.6.mlp.down_proj,4096,486.49774169921875,4096,1.297549843788147,374.9356866930886,1.297549843788147,0.009597590193152428,58720256
kaitchup/Mayonnaise-4in1-03,False,0.05491626262664795,4096,4096,5.233804702758789,2.460212721714527,1.1026302576065063,2.549832344055176,2.4296899983235636,0.47006200296654654,model.layers.7.self_attn.q_proj,4024,268.96142578125,4024,2.9516305923461914,91.12299705752068,2.9516305923461914,1.0295775609847624e-05,16777216
kaitchup/Mayonnaise-4in1-03,False,0.07215151190757751,1024,4096,2.784959316253662,0.4460191864984547,0.9622641205787659,1.371756911277771,2.067764146769163,0.1601528553380957,model.layers.7.self_attn.k_proj,1024,116.88644409179688,1024,1.445948600769043,80.8372054370602,1.445948600769043,0.0008999950368888676,4194304
kaitchup/Mayonnaise-4in1-03,False,0.06662264466285706,1024,4096,6.277166843414307,-6.35241146121618,1.0240758657455444,-5.340018272399902,1.4240301919539802,-1.0119870348644335,model.layers.7.self_attn.v_proj,1024,26.547901153564453,1024,0.09727762639522552,272.90860331751935,0.09727762639522552,0.0025909803807735443,4194304
kaitchup/Mayonnaise-4in1-03,False,0.04337435960769653,4096,4096,3.790600538253784,-1.3304164942702283,1.1357513666152954,-0.33116406202316284,2.0565437727646985,-0.35097776218939475,model.layers.7.self_attn.o_proj,4019,113.90525817871094,4019,0.44567906856536865,255.57686284296346,0.44567906856536865,1.0064321941172238e-05,16777216
kaitchup/Mayonnaise-4in1-03,False,0.017567753791809082,14336,4096,3.3721530437469482,2.6446749511459604,1.1807037591934204,2.708861827850342,2.8043286868488906,0.7842689572022938,model.layers.7.mlp.gate_proj,4096,637.2776489257812,4096,6.085117340087891,104.72725722600063,6.085117340087891,0.005334808025509119,58720256
kaitchup/Mayonnaise-4in1-03,False,0.023326098918914795,14336,4096,6.60697603225708,-0.6543222927588245,1.1937737464904785,-0.3163142204284668,2.6881954846468785,-0.09903506378171231,model.layers.7.mlp.up_proj,4096,487.74798583984375,4096,0.796095073223114,612.6755487445998,0.796095073223114,0.003922597970813513,58720256
kaitchup/Mayonnaise-4in1-03,False,0.02494126558303833,4096,14336,4.514838218688965,0.0018307467319604366,1.1877310276031494,0.9040025472640991,2.684034381817031,0.0004054955334572443,model.layers.7.mlp.down_proj,4096,483.0970458984375,4096,1.00093412399292,482.64619450805606,1.00093412399292,0.007531411945819855,58720256
kaitchup/Mayonnaise-4in1-03,False,0.041035741567611694,4096,4096,4.753002166748047,2.2184106944870225,1.1080423593521118,2.285905122756958,2.4139636770013473,0.4667388350897461,model.layers.8.self_attn.q_proj,4020,259.396240234375,4020,2.929131269454956,88.55739684300413,2.929131269454956,1.0279969501425512e-05,16777216
kaitchup/Mayonnaise-4in1-03,False,0.04203236103057861,1024,4096,5.969472408294678,1.018694918088919,0.9672709703445435,1.0909628868103027,2.038669705577536,0.1706507457297945,model.layers.8.self_attn.k_proj,1024,109.31246948242188,1024,1.4813263416290283,73.79364452684338,1.4813263416290283,0.00029766440275125206,4194304
kaitchup/Mayonnaise-4in1-03,False,0.07267844676971436,1024,4096,3.6522955894470215,-3.644454890740632,1.0165510177612305,-1.9775729179382324,1.4384700514163646,-0.9978532135435466,model.layers.8.self_attn.v_proj,1024,27.445430755615234,1024,0.10049553960561752,273.10098401701686,0.10049553960561752,0.002028635935857892,4194304
kaitchup/Mayonnaise-4in1-03,False,0.03200036287307739,4096,4096,5.383083820343018,-2.124739832592088,1.1340372562408447,-1.3148760795593262,2.0751197956188423,-0.39470680812410175,model.layers.8.self_attn.o_proj,4021,118.88301086425781,4021,0.402989000082016,295.00311631350445,0.402989000082016,1.0253163964080159e-05,16777216
kaitchup/Mayonnaise-4in1-03,False,0.011172056198120117,14336,4096,3.7866523265838623,2.8831578859297147,1.1817941665649414,2.9146347045898438,2.8028699337981213,0.761400212448541,model.layers.8.mlp.gate_proj,4096,635.1406860351562,4096,5.772982120513916,110.01951379309234,5.772982120513916,0.0068841176107525826,58720256
kaitchup/Mayonnaise-4in1-03,False,0.014527618885040283,14336,4096,6.1528472900390625,-0.47703486030857095,1.1926766633987427,-0.011667761951684952,2.6968843456185088,-0.07753074923228631,model.layers.8.mlp.up_proj,4096,497.60455322265625,4096,0.8365063667297363,594.8604493806864,0.8365063667297363,0.00493467366322875,58720256
kaitchup/Mayonnaise-4in1-03,False,0.04305839538574219,4096,14336,4.165302753448486,0.31299486616330324,1.186704158782959,1.0332144498825073,2.6915887202098374,0.07514336524618105,model.layers.8.mlp.down_proj,4096,491.57379150390625,4096,1.1888946294784546,413.47128611351394,1.1888946294784546,0.007654423359781504,58720256
kaitchup/Mayonnaise-4in1-03,False,0.04475808143615723,4096,4096,3.536088466644287,1.2425059644105787,1.1085238456726074,1.6545490026474,2.3942455595715804,0.3513786422854133,model.layers.9.self_attn.q_proj,4030,247.88232421875,4030,2.2458391189575195,110.37403442051217,2.2458391189575195,1.0325801667931955e-05,16777216
kaitchup/Mayonnaise-4in1-03,False,0.044036149978637695,1024,4096,6.70900821685791,0.3330134256570587,0.9751850366592407,0.4356558918952942,2.034044360336956,0.04963675924860052,model.layers.9.self_attn.k_proj,1024,108.1544418334961,1024,1.1210803985595703,96.4734036670869,1.1210803985595703,0.0020858165808022022,4194304
kaitchup/Mayonnaise-4in1-03,False,0.06154787540435791,1024,4096,5.605947494506836,-5.518437621185084,1.0147114992141724,-4.484017372131348,1.372399569265781,-0.9843898157434581,model.layers.9.self_attn.v_proj,1024,23.57217025756836,1024,0.10365975648164749,227.39943694293464,0.10365975648164749,0.0015063048340380192,4194304
kaitchup/Mayonnaise-4in1-03,False,0.054276466369628906,4096,4096,3.7023370265960693,-1.6519844383347364,1.1313598155975342,-0.22607384622097015,2.0573438007820384,-0.4462004475733998,model.layers.9.self_attn.o_proj,4018,114.11528015136719,4018,0.3579311966896057,318.8190389851008,0.3579311966896057,1.0000272595789284e-05,16777216
kaitchup/Mayonnaise-4in1-03,False,0.01324772834777832,14336,4096,3.5976369380950928,2.8003889094076917,1.1804122924804688,2.8404393196105957,2.793186819421146,0.7783967525334742,model.layers.9.mlp.gate_proj,4096,621.1361694335938,4096,6.003392696380615,103.464191141131,6.003392696380615,0.005907719023525715,58720256
kaitchup/Mayonnaise-4in1-03,False,0.018825650215148926,14336,4096,5.0044331550598145,-0.4394619128852447,1.191623568534851,0.5240556597709656,2.7048809988480498,-0.08781452349721557,model.layers.9.mlp.up_proj,4096,506.851806640625,4096,0.8169311881065369,620.4339043725258,0.8169311881065369,0.005511692725121975,58720256
kaitchup/Mayonnaise-4in1-03,False,0.04625633358955383,4096,14336,3.929626941680908,0.31084203595821536,1.183099389076233,1.281558871269226,2.698056001628361,0.07910217447390867,model.layers.9.mlp.down_proj,4096,498.9488220214844,4096,1.1997815370559692,415.8663945152947,1.1997815370559692,0.004208581056445837,58720256
kaitchup/Mayonnaise-4in1-03,False,0.04191890358924866,4096,4096,5.096401691436768,2.2769656232408253,1.1069302558898926,2.336137056350708,2.4197746451774065,0.446779072981374,model.layers.10.self_attn.q_proj,4027,262.8903503417969,4027,2.797557830810547,93.97137297627505,2.797557830810547,1.0067347830045037e-05,16777216
kaitchup/Mayonnaise-4in1-03,False,0.04995596408843994,1024,4096,7.403422832489014,1.1074623637673287,0.973232626914978,1.1362411975860596,2.0810744789769937,0.1495878850668053,model.layers.10.self_attn.k_proj,1024,120.52426147460938,1024,1.4111977815628052,85.4056483430246,1.4111977815628052,0.0012914002873003483,4194304
kaitchup/Mayonnaise-4in1-03,False,0.048815131187438965,1024,4096,8.008625984191895,-8.130346007186088,1.0147775411605835,-7.3592610359191895,1.3764429941312606,-1.0151986149976855,model.layers.10.self_attn.v_proj,1024,23.792659759521484,1024,0.09656091779470444,246.40051381974658,0.09656091779470444,0.0015562414191663265,4194304
kaitchup/Mayonnaise-4in1-03,False,0.042714834213256836,4096,4096,4.256638526916504,-1.9360033727862838,1.1370786428451538,-0.8014634251594543,2.0550797540685006,-0.4548197739939921,model.layers.10.self_attn.o_proj,4015,113.52192687988281,4015,0.3508974611759186,323.5188037538118,0.3508974611759186,1.0239935363642871e-05,16777216
kaitchup/Mayonnaise-4in1-03,False,0.02039477229118347,14336,4096,3.65107798576355,2.606424232843053,1.1808879375457764,2.664746046066284,2.7862195659809466,0.7138779952129594,model.layers.10.mlp.gate_proj,4096,611.2509765625,4096,5.174614429473877,118.12493179799064,5.174614429473877,0.007734125014394522,58720256
kaitchup/Mayonnaise-4in1-03,False,0.03041812777519226,14336,4096,4.765165328979492,-0.5638305401157725,1.1913056373596191,0.6614199876785278,2.7084934128864857,-0.11832339513737763,model.layers.10.mlp.up_proj,4096,511.0853271484375,4096,0.7615117430686951,671.1456938128046,0.7615117430686951,0.0062303729355335236,58720256
kaitchup/Mayonnaise-4in1-03,False,0.03290224075317383,4096,14336,4.145784854888916,0.6344251015738714,1.1849054098129272,1.2599517107009888,2.698940262203803,0.15302894959098656,model.layers.10.mlp.down_proj,4096,499.96575927734375,4096,1.4224236011505127,351.4886556107137,1.4224236011505127,0.009807233698666096,58720256
kaitchup/Mayonnaise-4in1-03,False,0.038133129477500916,4096,4096,5.781710624694824,1.9711085782277962,1.1056996583938599,2.0628914833068848,2.4055902874434736,0.34092134770785715,model.layers.11.self_attn.q_proj,4029,254.44287109375,4029,2.1924078464508057,116.05635854006661,2.1924078464508057,1.0074655619973782e-05,16777216
kaitchup/Mayonnaise-4in1-03,False,0.0464930534362793,1024,4096,8.016965866088867,0.42391411317120076,0.9635539650917053,0.5008760094642639,2.0350495534035913,0.05287712586682251,model.layers.11.self_attn.k_proj,1024,108.40505981445312,1024,1.1294763088226318,95.9781617088142,1.1294763088226318,0.001363367773592472,4194304
kaitchup/Mayonnaise-4in1-03,False,0.07783469557762146,1024,4096,8.490361213684082,-7.831478698223414,1.0092742443084717,-7.115520000457764,1.4433994722824917,-0.9223964094249919,model.layers.11.self_attn.v_proj,1024,27.75872230529785,1024,0.11956486850976944,232.16453671782136,0.11956486850976944,0.0009240640210919082,4194304
kaitchup/Mayonnaise-4in1-03,False,0.03890120983123779,4096,4096,4.2911696434021,-1.6930071680738734,1.132300615310669,-0.4811972677707672,2.0906520319702717,-0.3945327984590312,model.layers.11.self_attn.o_proj,4015,123.21172332763672,4015,0.4031504988670349,305.62215270450105,0.4031504988670349,1.010281721391948e-05,16777216
kaitchup/Mayonnaise-4in1-03,False,0.023107916116714478,14336,4096,3.6690657138824463,2.7078340842618456,1.180337905883789,2.752023696899414,2.7819389586671552,0.7380173306834924,model.layers.11.mlp.gate_proj,4096,605.2557983398438,4096,5.4703779220581055,110.64241026187273,5.4703779220581055,0.007984956726431847,58720256
kaitchup/Mayonnaise-4in1-03,False,0.03154999017715454,14336,4096,4.7707109451293945,-0.4379442982140748,1.1905165910720825,0.7510944604873657,2.7140416155167735,-0.09179853972523515,model.layers.11.mlp.up_proj,4096,517.6564331054688,4096,0.8094713091850281,639.4994204632686,0.8094713091850281,0.007711638230830431,58720256
kaitchup/Mayonnaise-4in1-03,False,0.03321006894111633,4096,14336,4.2964067459106445,0.5259469987485685,1.1845183372497559,1.2394158840179443,2.7020500646927994,0.12241555091336946,model.layers.11.mlp.down_proj,4096,503.55865478515625,4096,1.3256093263626099,379.86957753751636,1.3256093263626099,0.00463485810905695,58720256
kaitchup/Mayonnaise-4in1-03,False,0.03802623599767685,4096,4096,5.732940196990967,2.0114203638083596,1.1016660928726196,2.08781099319458,2.3852187188090417,0.35085319132826265,model.layers.12.self_attn.q_proj,4026,242.7832489013672,4026,2.2431235313415527,108.23445321184116,2.2431235313415527,1.0070292773889378e-05,16777216
kaitchup/Mayonnaise-4in1-03,False,0.05633091926574707,1024,4096,8.724574089050293,0.3983780881716904,0.9669758677482605,0.4305241107940674,2.026399785214153,0.04566160870496494,model.layers.12.self_attn.k_proj,1024,106.267333984375,1024,1.110865831375122,95.66171807879667,1.110865831375122,0.0009253211901523173,4194304
kaitchup/Mayonnaise-4in1-03,False,0.08228963613510132,1024,4096,10.254802703857422,-10.612484822581983,1.0178844928741455,-9.862667083740234,1.386514960764668,-1.0348794734578382,model.layers.12.self_attn.v_proj,1024,24.35089683532715,1024,0.0922827497124672,263.87268380276055,0.0922827497124672,0.0014384672977030277,4194304
kaitchup/Mayonnaise-4in1-03,False,0.06776496767997742,4096,4096,3.485426664352417,-1.6654569500148895,1.129695177078247,-0.11526088416576385,2.0619349440409014,-0.4778344548311783,model.layers.12.self_attn.o_proj,4007,115.32804870605469,4007,0.3327863812446594,346.5527894342145,0.3327863812446594,1.0180352546740323e-05,16777216
kaitchup/Mayonnaise-4in1-03,False,0.02315068244934082,14336,4096,3.8123230934143066,2.883969086012573,1.1795432567596436,2.9113056659698486,2.7720884520983557,0.7564860100641937,model.layers.12.mlp.gate_proj,4096,591.68212890625,4096,5.708026885986328,103.65790854259603,5.708026885986328,0.00803222693502903,58720256
kaitchup/Mayonnaise-4in1-03,False,0.029785335063934326,14336,4096,4.797224044799805,-0.4904762682769151,1.1899423599243164,0.7524255514144897,2.7160138954237922,-0.102241684711097,model.layers.12.mlp.up_proj,4096,520.0126342773438,4096,0.7902387380599976,658.0449796145815,0.7902387380599976,0.007465906906872988,58720256
kaitchup/Mayonnaise-4in1-03,False,0.030833184719085693,4096,14336,4.2062811851501465,0.6689729038734152,1.1845011711120605,1.3033690452575684,2.7045307238976806,0.15904141316922818,model.layers.12.mlp.down_proj,4096,506.44317626953125,4096,1.4422528743743896,351.1472816368715,1.4422528743743896,0.00519960792735219,58720256
kaitchup/Mayonnaise-4in1-03,False,0.05467504262924194,4096,4096,5.224158763885498,2.2080776033304215,1.1093640327453613,2.2734596729278564,2.398101248733438,0.42266663459671566,model.layers.13.self_attn.q_proj,4030,250.09283447265625,4030,2.646467924118042,94.50061049049057,2.646467924118042,1.0028061296907254e-05,16777216
kaitchup/Mayonnaise-4in1-03,False,0.06433576345443726,1024,4096,6.279537677764893,1.0532106342706458,0.9727380275726318,1.1189448833465576,2.047557202417189,0.16772104704458438,model.layers.13.self_attn.k_proj,1024,111.572509765625,1024,1.4713671207427979,75.82914433299236,1.4713671207427979,0.0013952943263575435,4194304
kaitchup/Mayonnaise-4in1-03,False,0.0795685350894928,1024,4096,3.3571412563323975,-3.121912279924965,1.0170748233795166,-1.559158444404602,1.4566228965681562,-0.9299317608504758,model.layers.13.self_attn.v_proj,1024,28.616920471191406,1024,0.11750821769237518,243.53122728920675,0.11750821769237518,0.002627563662827015,4194304
kaitchup/Mayonnaise-4in1-03,False,0.035295307636260986,4096,4096,3.479033946990967,-1.3831231637638346,1.1322481632232666,0.06622698158025742,2.092032592701173,-0.3975595480923963,model.layers.13.self_attn.o_proj,4015,123.60401916503906,4015,0.40035057067871094,308.7394604071482,0.40035057067871094,1.0166457286686637e-05,16777216
kaitchup/Mayonnaise-4in1-03,False,0.022642195224761963,14336,4096,3.8853464126586914,2.7540058566821233,1.1822837591171265,2.7793667316436768,2.7622137747261313,0.7088186133698162,model.layers.13.mlp.gate_proj,4096,578.3806762695312,4096,5.114681720733643,113.08243754932401,5.114681720733643,0.0072103808633983135,58720256
kaitchup/Mayonnaise-4in1-03,False,0.030767887830734253,14336,4096,5.0277581214904785,-0.4243630387432832,1.1905648708343506,0.6585630774497986,2.720850465654429,-0.08440402829432073,model.layers.13.mlp.up_proj,4096,525.836181640625,4096,0.8233717679977417,638.6376143541361,0.8233717679977417,0.007852314971387386,58720256
kaitchup/Mayonnaise-4in1-03,False,0.029199987649917603,4096,14336,3.5533385276794434,0.5863875228841708,1.183081865310669,1.5253525972366333,2.7114213388295547,0.16502438996914806,model.layers.13.mlp.down_proj,4096,514.5426025390625,4096,1.462259292602539,351.88191666286224,1.462259292602539,0.0054090614430606365,58720256
kaitchup/Mayonnaise-4in1-03,False,0.050199031829833984,4096,4096,6.132086753845215,2.2221989419778025,1.1012349128723145,2.2519009113311768,2.356674945032722,0.3623886991788465,model.layers.14.self_attn.q_proj,4025,227.3395233154297,4025,2.3035025596618652,98.69297620784985,2.3035025596618652,1.025830442813458e-05,16777216
kaitchup/Mayonnaise-4in1-03,False,0.035251736640930176,1024,4096,6.657833099365234,0.33815419386271045,0.9670405983924866,0.37946948409080505,1.929062257031016,0.050790428179245055,model.layers.14.self_attn.k_proj,1024,84.93022155761719,1024,1.124062418937683,75.55649946724678,1.124062418937683,0.0016660034889355302,4194304
kaitchup/Mayonnaise-4in1-03,False,0.09486156702041626,1024,4096,4.563652515411377,-4.1957368691440875,1.0221285820007324,-2.6536502838134766,1.562460771646119,-0.9193813190147926,model.layers.14.self_attn.v_proj,1024,36.51411437988281,1024,0.12039783596992493,303.27882628225933,0.12039783596992493,0.002885031746700406,4194304
kaitchup/Mayonnaise-4in1-03,False,0.08042624592781067,4096,4096,17.269487380981445,-7.550899206700526,1.133411169052124,-7.2295098304748535,2.144117739398155,-0.4372393366473742,model.layers.14.self_attn.o_proj,4023,139.35345458984375,4023,0.36539337038993835,381.3792637811938,0.36539337038993835,1.0049197953776456e-05,16777216
kaitchup/Mayonnaise-4in1-03,False,0.01921752095222473,14336,4096,3.7632009983062744,3.0379801070732957,1.1803526878356934,3.054932117462158,2.7664834668024674,0.8072861663356852,model.layers.14.mlp.gate_proj,4096,584.094970703125,4096,6.416322231292725,91.03267411578312,6.416322231292725,0.006659624632447958,58720256
kaitchup/Mayonnaise-4in1-03,False,0.02411067485809326,14336,4096,4.652117729187012,-0.35499177258992975,1.1907274723052979,0.853569507598877,2.731182212701756,-0.07630756426535382,model.layers.14.mlp.up_proj,4096,538.4956665039062,4096,0.8388656973838806,641.9331106079077,0.8388656973838806,0.008875050581991673,58720256
kaitchup/Mayonnaise-4in1-03,False,0.008751317858695984,4096,14336,4.37507438659668,0.5529554944888075,1.1894493103027344,1.1717840433120728,2.717905855935046,0.1263876783861829,model.layers.14.mlp.down_proj,4096,522.282958984375,4096,1.3377891778945923,390.4075228103893,1.3377891778945923,0.014117097482085228,58720256
kaitchup/Mayonnaise-4in1-03,False,0.05060863494873047,4096,4096,2.832217216491699,0.8713545712081772,1.1010960340499878,1.6655982732772827,2.3572178917871396,0.307658101269342,model.layers.15.self_attn.q_proj,4026,227.62391662597656,4026,2.0307576656341553,112.08817303904908,2.0307576656341553,1.0211268090642989e-05,16777216
kaitchup/Mayonnaise-4in1-03,False,0.057851433753967285,1024,4096,7.004603385925293,0.4530390253093856,0.9629385471343994,0.49859121441841125,1.9277610514249364,0.06467732723021835,model.layers.15.self_attn.k_proj,1024,84.67613983154297,1024,1.1605859994888306,72.95981501486128,1.1605859994888306,0.0021122933831065893,4194304
kaitchup/Mayonnaise-4in1-03,False,0.07311108708381653,1024,4096,20.918703079223633,-21.670705030146056,1.02787184715271,-21.199935913085938,1.5391833210972667,-1.0359487845912068,model.layers.15.self_attn.v_proj,1024,34.608543395996094,1024,0.09205581247806549,375.9517456243451,0.09205581247806549,0.0034445454366505146,4194304
kaitchup/Mayonnaise-4in1-03,False,0.023512184619903564,4096,4096,4.385580062866211,-1.6341455391586452,1.1369844675064087,-0.44862258434295654,2.1390332492076154,-0.3726178785322742,model.layers.15.self_attn.o_proj,4022,137.7314910888672,4022,0.4240158796310425,324.82625699941775,0.4240158796310425,1.0059618034574669e-05,16777216
kaitchup/Mayonnaise-4in1-03,False,0.024690330028533936,14336,4096,4.013858795166016,3.314460059457227,1.1806304454803467,3.3216676712036133,2.777150333447317,0.8257540258887306,model.layers.15.mlp.gate_proj,4096,598.6187744140625,4096,6.6950531005859375,89.41210255101227,6.6950531005859375,0.006294518243521452,58720256
kaitchup/Mayonnaise-4in1-03,False,0.03531002998352051,14336,4096,5.584394931793213,-0.6227841889942707,1.1906760931015015,0.42481106519699097,2.726654196105393,-0.11152223232791446,model.layers.15.mlp.up_proj,4096,532.910400390625,4096,0.7735310792922974,688.9321123052794,0.7735310792922974,0.005603260826319456,58720256
kaitchup/Mayonnaise-4in1-03,False,0.010232269763946533,4096,14336,4.562561988830566,-0.06736509320325716,1.190290093421936,0.9434425830841064,2.7156153491832495,-0.014764751332293364,model.layers.15.mlp.down_proj,4096,519.53564453125,4096,0.9665743112564087,537.5020197422047,0.9665743112564087,0.007617345545440912,58720256
kaitchup/Mayonnaise-4in1-03,False,0.04498111456632614,4096,4096,6.04581880569458,2.409430506133996,1.1038950681686401,2.431948184967041,2.358871181448063,0.39852840178811577,model.layers.16.self_attn.q_proj,4028,228.49209594726562,4028,2.503389358520508,91.2730954813611,2.503389358520508,1.0172975635214243e-05,16777216
kaitchup/Mayonnaise-4in1-03,False,0.06196016073226929,1024,4096,6.634286880493164,0.7417161576746261,0.965347945690155,0.7922307252883911,1.9568242090152335,0.11180043477702159,model.layers.16.self_attn.k_proj,1024,90.53660583496094,1024,1.2936012744903564,69.98803079459695,1.2936012744903564,0.0021731641609221697,4194304
kaitchup/Mayonnaise-4in1-03,False,0.11317086219787598,1024,4096,15.500088691711426,-16.758728768893892,1.0299620628356934,-15.549702644348145,1.5436733806730811,-1.0812021209824119,model.layers.16.self_attn.v_proj,1024,34.96820831298828,1024,0.08294646441936493,421.57563384732407,0.08294646441936493,0.003667868673801422,4194304
kaitchup/Mayonnaise-4in1-03,False,0.03165951371192932,4096,4096,3.8936119079589844,-1.0233388847042584,1.134473443031311,-0.006945414002984762,2.139912603310089,-0.26282508603706434,model.layers.16.self_attn.o_proj,4024,138.01065063476562,4024,0.5459777116775513,252.77707804356905,0.5459777116775513,1.0061657121696044e-05,16777216
kaitchup/Mayonnaise-4in1-03,False,0.018383681774139404,14336,4096,4.471560478210449,4.019660190582804,1.1815332174301147,4.020789623260498,2.7920746413674826,0.8989390192015252,model.layers.16.mlp.gate_proj,4096,619.5475463867188,4096,7.923900604248047,78.18719306683073,7.923900604248047,0.006660046521574259,58720256
kaitchup/Mayonnaise-4in1-03,False,0.026876747608184814,14336,4096,5.894189834594727,-0.5217780132874679,1.1925022602081299,0.1671706736087799,2.723005818357677,-0.08852412764600825,model.layers.16.mlp.up_proj,4096,528.4523315429688,4096,0.8155974745750427,647.932770780479,0.8155974745750427,0.007093934342265129,58720256
kaitchup/Mayonnaise-4in1-03,False,0.013401150703430176,4096,14336,4.562722206115723,0.10137894357686603,1.1901676654815674,0.944970428943634,2.711516272637317,0.022218960304219493,model.layers.16.mlp.down_proj,4096,514.6550903320312,4096,1.052492380142212,488.9869989011146,1.052492380142212,0.011246444657444954,58720256
kaitchup/Mayonnaise-4in1-03,False,0.026002705097198486,4096,4096,4.8449273109436035,2.552992052930294,1.115228295326233,2.562959909439087,2.3647169057988395,0.5269412499055781,model.layers.17.self_attn.q_proj,4030,231.5884552001953,4030,3.3646605014801025,68.82966501325181,3.3646605014801025,1.0300088433723431e-05,16777216
kaitchup/Mayonnaise-4in1-03,False,0.05396813154220581,1024,4096,5.789395332336426,1.0460721417692813,0.9839831590652466,1.0527477264404297,1.9310554277322438,0.18068763346087097,model.layers.17.self_attn.k_proj,1024,85.3208999633789,1024,1.515959620475769,56.28177611789012,1.515959620475769,0.0013365126214921474,4194304
kaitchup/Mayonnaise-4in1-03,False,0.04759085178375244,1024,4096,14.5681791305542,-13.377245232808583,1.0251415967941284,-13.15238094329834,1.5411488976487573,-0.9182510122182778,model.layers.17.self_attn.v_proj,1024,34.765533447265625,1024,0.12071159482002258,288.0049219720774,0.12071159482002258,0.0038749061059206724,4194304
kaitchup/Mayonnaise-4in1-03,False,0.05408883094787598,4096,4096,3.435819149017334,-1.043232475387926,1.1363848447799683,0.1917220652103424,2.153762683817254,-0.30363428054305397,model.layers.17.self_attn.o_proj,4031,142.48287963867188,4031,0.4970106780529022,286.67971520625133,0.4970106780529022,1.0236986781819724e-05,16777216
kaitchup/Mayonnaise-4in1-03,False,0.01843126118183136,14336,4096,4.8029632568359375,4.110323876132137,1.1841925382614136,4.111133575439453,2.798950591903626,0.8557891568880973,model.layers.17.mlp.gate_proj,4096,629.4345703125,4096,7.174458980560303,87.73268786092399,7.174458980560303,0.0035872517619282007,58720256
kaitchup/Mayonnaise-4in1-03,False,0.010884225368499756,14336,4096,6.016603946685791,-0.5906450537829934,1.19374418258667,0.12971451878547668,2.7286061467112512,-0.09816917633548848,model.layers.17.mlp.up_proj,4096,535.3109741210938,4096,0.7976838946342468,671.0815872326768,0.7976838946342468,0.004510578233748674,58720256
kaitchup/Mayonnaise-4in1-03,False,0.011274456977844238,4096,14336,4.659111976623535,-0.034605330570736705,1.1911637783050537,0.9007949829101562,2.7173755225909235,-0.007427452000373521,model.layers.17.mlp.down_proj,4096,521.6455688476562,4096,0.9830430746078491,530.6436536931493,0.9830430746078491,0.0069146486930549145,58720256
kaitchup/Mayonnaise-4in1-03,False,0.06821197271347046,4096,4096,2.4949984550476074,1.0501675430951294,1.1053720712661743,1.73204505443573,2.368240963094628,0.4209090955429433,model.layers.18.self_attn.q_proj,4027,233.47531127929688,4027,2.635779619216919,88.5792232313647,2.635779619216919,1.0316363841411658e-05,16777216
kaitchup/Mayonnaise-4in1-03,False,0.057996273040771484,1024,4096,7.06608247756958,0.36403656466361006,0.976111650466919,0.37168604135513306,1.9018090430290011,0.05151886718265742,model.layers.18.self_attn.k_proj,1024,79.76438903808594,1024,1.1259493827819824,70.8418959660558,1.1259493827819824,0.001715589314699173,4194304
kaitchup/Mayonnaise-4in1-03,False,0.057317256927490234,1024,4096,10.674473762512207,-9.470044560287008,1.0323530435562134,-9.378599166870117,1.5300030192778562,-0.887167346229746,model.layers.18.self_attn.v_proj,1024,33.88465118408203,1024,0.1296679526567459,261.3186256883435,0.1296679526567459,0.004167965147644281,4194304
kaitchup/Mayonnaise-4in1-03,False,0.03858762979507446,4096,4096,5.53585147857666,-1.0070446857180853,1.1397351026535034,-0.9062144756317139,2.1322445590335355,-0.18191324128099795,model.layers.18.self_attn.o_proj,4026,135.59527587890625,4026,0.6577892303466797,206.13787764120497,0.6577892303466797,1.0111190022144001e-05,16777216
kaitchup/Mayonnaise-4in1-03,False,0.021648168563842773,14336,4096,4.674097061157227,4.272803193176231,1.1834055185317993,4.273634910583496,2.8024087740475165,0.9141451572934084,model.layers.18.mlp.gate_proj,4096,634.4666137695312,4096,8.206257820129395,77.31497445927516,8.206257820129395,0.0047573125921189785,58720256
kaitchup/Mayonnaise-4in1-03,False,0.010766327381134033,14336,4096,6.005463123321533,-0.009767143770456852,1.1935005187988281,0.3424166142940521,2.729682608227229,-0.0016263764458942823,model.layers.18.mlp.up_proj,4096,536.6394653320312,4096,0.9962621331214905,538.6528780840354,0.9962621331214905,0.004979499150067568,58720256
kaitchup/Mayonnaise-4in1-03,False,0.0189669132232666,4096,14336,5.606470584869385,-0.22260503796611078,1.1943479776382446,0.3868929445743561,2.7154320940906973,-0.039705022009189204,model.layers.18.mlp.down_proj,4096,519.3164672851562,4096,0.9126304984092712,569.032558292028,0.9126304984092712,0.010286795906722546,58720256
kaitchup/Mayonnaise-4in1-03,False,0.04648202657699585,4096,4096,5.574106216430664,2.4246348771736024,1.1194617748260498,2.4329397678375244,2.3372081926707797,0.43498182184375356,model.layers.19.self_attn.q_proj,4036,217.37429809570312,4036,2.7225873470306396,79.84107409181199,2.7225873470306396,1.0179070159210823e-05,16777216
kaitchup/Mayonnaise-4in1-03,False,0.0642615556716919,1024,4096,2.9770314693450928,0.3346551728255534,0.9758846163749695,0.7698259949684143,1.88668776345575,0.11241237328914534,model.layers.19.self_attn.k_proj,1024,77.03494262695312,1024,1.295425295829773,59.466912430183086,1.295425295829773,0.0013493215665221214,4194304
kaitchup/Mayonnaise-4in1-03,False,0.0470486581325531,1024,4096,5.75248384475708,-5.025340645795328,1.033190131187439,-3.9058046340942383,1.609446673040567,-0.8735949168072008,model.layers.19.self_attn.v_proj,1024,40.6861572265625,1024,0.13378427922725677,304.1176247431113,0.13378427922725677,0.0049100895412266254,4194304
kaitchup/Mayonnaise-4in1-03,False,0.025756120681762695,4096,4096,3.624540328979492,-0.2028220189017922,1.1421549320220947,0.24498216807842255,2.166267588866927,-0.05595799756458987,model.layers.19.self_attn.o_proj,4035,146.64511108398438,4035,0.8791075348854065,166.8113458987698,0.8791075348854065,1.0064570233225822e-05,16777216
kaitchup/Mayonnaise-4in1-03,False,0.017210066318511963,14336,4096,4.765894889831543,4.396837426408895,1.1844991445541382,4.397444725036621,2.8123545510917265,0.9225628193752102,model.layers.19.mlp.gate_proj,4096,649.1641845703125,4096,8.366866111755371,77.58749523411672,8.366866111755371,0.004491080064326525,58720256
kaitchup/Mayonnaise-4in1-03,False,0.01387784630060196,14336,4096,6.498220920562744,0.10110002394892745,1.1936300992965698,0.33849188685417175,2.7277945406649424,0.015558108162960427,model.layers.19.mlp.up_proj,4096,534.3115234375,4096,1.036473274230957,515.5092144888624,1.036473274230957,0.005271454341709614,58720256
kaitchup/Mayonnaise-4in1-03,False,0.03110712766647339,4096,14336,6.707189083099365,-0.27262345469837446,1.1958414316177368,0.08248881995677948,2.7146749329606177,-0.04064645432247099,model.layers.19.mlp.down_proj,4096,518.411865234375,4096,0.9106543064117432,569.2740500806244,0.9106543064117432,0.007639025337994099,58720256
kaitchup/Mayonnaise-4in1-03,False,0.042681097984313965,4096,4096,5.17106294631958,2.4492981766445894,1.1213419437408447,2.4564876556396484,2.332271093065307,0.47365468223275786,model.layers.20.self_attn.q_proj,4039,214.9171600341797,4039,2.976149082183838,72.2131701401456,2.976149082183838,1.0299942005076446e-05,16777216
kaitchup/Mayonnaise-4in1-03,False,0.05730050802230835,1024,4096,5.398678779602051,0.5199144931127653,0.9820488095283508,0.542660653591156,1.8675039742319333,0.09630402443597309,model.layers.20.self_attn.k_proj,1024,73.70619201660156,1024,1.248257040977478,59.04728721488656,1.248257040977478,0.0021965878549963236,4194304
kaitchup/Mayonnaise-4in1-03,False,0.10395097732543945,1024,4096,37.33161926269531,-36.70505583192961,1.0282630920410156,-36.04753494262695,1.6286049102737643,-0.9832162803773206,model.layers.20.self_attn.v_proj,1024,42.521141052246094,1024,0.10394024103879929,409.0921920834647,0.10394024103879929,0.004932488314807415,4194304
kaitchup/Mayonnaise-4in1-03,False,0.044444769620895386,4096,4096,4.5365447998046875,-0.94811575241583,1.1458126306533813,-0.5244690179824829,2.1776692359608782,-0.20899512608288348,model.layers.20.self_attn.o_proj,4040,150.54600524902344,4040,0.6180233359336853,243.59275207882638,0.6180233359336853,1.0126236702490132e-05,16777216
kaitchup/Mayonnaise-4in1-03,False,0.013905942440032959,14336,4096,4.745894432067871,4.42676825970623,1.1851022243499756,4.4272284507751465,2.8195398389503974,0.9327574228779059,model.layers.20.mlp.gate_proj,4096,659.9937744140625,4096,8.565592765808105,77.05173389150687,8.565592765808105,0.004731278400868177,58720256
kaitchup/Mayonnaise-4in1-03,False,0.020388007164001465,14336,4096,7.035782814025879,-0.0005453400459542068,1.1938040256500244,0.13574980199337006,2.718816316570508,-7.750950539107998e-05,model.layers.20.mlp.up_proj,4096,523.3790283203125,4096,0.9998215436935425,523.4724452794294,0.9998215436935425,0.004850327968597412,58720256
kaitchup/Mayonnaise-4in1-03,False,0.03629976511001587,4096,14336,8.597941398620605,-0.8971558414140982,1.1961852312088013,-0.7541661858558655,2.7103598411617305,-0.1043454240753527,model.layers.20.mlp.down_proj,4096,513.2864990234375,4096,0.7864200472831726,652.6874547472139,0.7864200472831726,0.006768260151147842,58720256
kaitchup/Mayonnaise-4in1-03,False,0.051600515842437744,4096,4096,3.048123359680176,1.5267297159932827,1.130607008934021,1.6462453603744507,2.332518344131227,0.5008753045196552,model.layers.21.self_attn.q_proj,4039,215.03955078125,4039,3.1686575412750244,67.86456030042332,3.1686575412750244,1.0055944585474208e-05,16777216
kaitchup/Mayonnaise-4in1-03,False,0.05655992031097412,1024,4096,3.3756649494171143,0.2581849436538019,0.9905863404273987,0.5111593008041382,1.8711645892705744,0.07648417349547189,model.layers.21.self_attn.k_proj,1024,74.330078125,1024,1.1925708055496216,62.327601664492704,1.1925708055496216,0.0014212117530405521,4194304
kaitchup/Mayonnaise-4in1-03,False,0.05839335918426514,1024,4096,4.560154914855957,-3.842649306609211,1.0222855806350708,-2.289984703063965,1.639958149931527,-0.8426576242159506,model.layers.21.self_attn.v_proj,1024,43.647377014160156,1024,0.14366215467453003,303.81959057376184,0.14366215467453003,0.004314734134823084,4194304
kaitchup/Mayonnaise-4in1-03,False,0.03566938638687134,4096,4096,6.5113067626953125,-1.7754570876613962,1.154111385345459,-1.6926590204238892,2.1841229292216795,-0.2726729291627565,model.layers.21.self_attn.o_proj,4045,152.7998504638672,4045,0.5337367057800293,286.28319695674276,0.5337367057800293,1.032640921039274e-05,16777216
kaitchup/Mayonnaise-4in1-03,False,0.013406753540039062,14336,4096,4.841982364654541,4.6912187867127235,1.1850488185882568,4.691497802734375,2.8367049032345886,0.9688632533975423,model.layers.21.mlp.gate_proj,4096,686.6017456054688,4096,9.308147430419922,73.76352284253558,9.308147430419922,0.004758366849273443,58720256
kaitchup/Mayonnaise-4in1-03,False,0.030541300773620605,14336,4096,8.428383827209473,-0.21717218581158837,1.1942083835601807,-0.17573674023151398,2.7043965557769827,-0.025766765048180207,model.layers.21.mlp.up_proj,4096,506.2867431640625,4096,0.9423955678939819,537.2337905785005,0.9423955678939819,0.004698355682194233,58720256
kaitchup/Mayonnaise-4in1-03,False,0.04320347309112549,4096,14336,8.692038536071777,-1.4603466357034383,1.1956522464752197,-1.187343716621399,2.699780686601499,-0.1680096826127761,model.layers.21.mlp.down_proj,4096,500.9342041015625,4096,0.6791884899139404,737.5481350766642,0.6791884899139404,0.005657244008034468,58720256
kaitchup/Mayonnaise-4in1-03,False,0.028036542236804962,4096,4096,4.553957939147949,2.1741498780223503,1.1406209468841553,2.177947759628296,2.309618667812901,0.4774198416134551,model.layers.22.self_attn.q_proj,4043,203.99459838867188,4043,3.002063274383545,67.95146529033799,3.002063274383545,1.035733203025302e-05,16777216
kaitchup/Mayonnaise-4in1-03,False,0.05188244581222534,1024,4096,5.667758941650391,-0.2058266787335346,0.9973148107528687,-0.16672998666763306,1.845790887833,-0.03631535512581276,model.layers.22.self_attn.k_proj,1024,70.11176300048828,1024,0.9197814464569092,76.22654628506136,0.9197814464569092,0.0014976072125136852,4194304
kaitchup/Mayonnaise-4in1-03,False,0.08078160881996155,1024,4096,25.208410263061523,-21.567799962036364,1.0241658687591553,-21.080913543701172,1.6622205840150093,-0.8555795362328013,model.layers.22.self_attn.v_proj,1024,45.94313049316406,1024,0.13945062458515167,329.45804746188253,0.13945062458515167,0.007252668961882591,4194304
kaitchup/Mayonnaise-4in1-03,False,0.029847443103790283,4096,4096,5.54628324508667,-1.11530660783333,1.1561928987503052,-1.0188158750534058,2.1941209590575705,-0.20109081317138924,model.layers.22.self_attn.o_proj,4047,156.35830688476562,4047,0.6293745636940002,248.434423480747,0.6293745636940002,1.0146361091756262e-05,16777216
kaitchup/Mayonnaise-4in1-03,False,0.017797231674194336,14336,4096,5.248550891876221,4.762176294011986,1.1868786811828613,4.762331962585449,2.835034244330041,0.9073316410788639,model.layers.22.mlp.gate_proj,4096,683.965576171875,4096,8.078516960144043,84.66474472310567,8.078516960144043,0.005057141184806824,58720256
kaitchup/Mayonnaise-4in1-03,False,0.03803533315658569,14336,4096,8.692001342773438,-0.15580495849742906,1.1944453716278076,-0.12985654175281525,2.706267498898179,-0.017925095999549733,model.layers.22.mlp.up_proj,4096,508.4725341796875,4096,0.9595661163330078,529.8983837849764,0.9595661163330078,0.005549629684537649,58720256
kaitchup/Mayonnaise-4in1-03,False,0.03268992900848389,4096,14336,7.381170749664307,-0.8573714280307416,1.1947797536849976,-0.556185781955719,2.7024302734768786,-0.11615656338389606,model.layers.22.mlp.down_proj,4096,503.99969482421875,4096,0.7653206586837769,658.5470927846292,0.7653206586837769,0.005721914581954479,58720256
kaitchup/Mayonnaise-4in1-03,False,0.019365429878234863,4096,4096,4.283564567565918,2.2646571072174306,1.1373533010482788,2.2706298828125,2.316233321282769,0.5286851806471762,model.layers.23.self_attn.q_proj,4044,207.12538146972656,4044,3.3781986236572266,61.31237518695491,3.3781986236572266,1.0099969586008228e-05,16777216
kaitchup/Mayonnaise-4in1-03,False,0.025552034378051758,1024,4096,4.878963947296143,0.3442810159695086,0.9973897933959961,0.3830735683441162,1.8608982273309218,0.07056436974909491,model.layers.23.self_attn.k_proj,1024,72.59358215332031,1024,1.1764253377914429,61.70691825594607,1.1764253377914429,0.001442885142751038,4194304
kaitchup/Mayonnaise-4in1-03,False,0.061308056116104126,1024,4096,15.63577651977539,-12.857908693778857,1.0282162427902222,-12.396098136901855,1.6929070940512563,-0.8223389914480284,model.layers.23.self_attn.v_proj,1024,49.30683135986328,1024,0.15054315328598022,327.5262294140821,0.15054315328598022,0.007921158336102962,4194304
kaitchup/Mayonnaise-4in1-03,False,0.06180185079574585,4096,4096,4.366878986358643,-0.223845417090692,1.1514346599578857,-0.09199710935354233,2.2032732457302604,-0.05125981686003791,model.layers.23.self_attn.o_proj,4045,159.6883544921875,4045,0.8886693120002747,179.69378748181433,0.8886693120002747,1.0206381375610363e-05,16777216
kaitchup/Mayonnaise-4in1-03,False,0.02792072296142578,14336,4096,5.3119916915893555,4.825404815989057,1.1877126693725586,4.82554292678833,2.837620107058079,0.9083984117726074,model.layers.23.mlp.gate_proj,4096,688.0501708984375,4096,8.098384857177734,84.9614068771512,8.098384857177734,0.005129532422870398,58720256
kaitchup/Mayonnaise-4in1-03,False,0.04476732015609741,14336,4096,9.440933227539062,-0.531463863860164,1.1949833631515503,-0.5080196261405945,2.7059311752532915,-0.056293573002920066,model.layers.23.mlp.up_proj,4096,508.07891845703125,4096,0.8784285187721252,578.3952906802573,0.8784285187721252,0.005232563242316246,58720256
kaitchup/Mayonnaise-4in1-03,False,0.03336226940155029,4096,14336,5.9736175537109375,-0.4888821547901059,1.1936219930648804,0.1660136580467224,2.703731358929989,-0.08184021665170077,model.layers.23.mlp.down_proj,4096,505.5118713378906,4096,0.8282468318939209,610.3396377405461,0.8282468318939209,0.00470677949488163,58720256
kaitchup/Mayonnaise-4in1-03,False,0.028918981552124023,4096,4096,3.5029609203338623,1.7829625277152623,1.1397645473480225,1.8097445964813232,2.308021979271364,0.5089872734136385,model.layers.24.self_attn.q_proj,4045,203.24598693847656,4045,3.2283995151519775,62.955649071490065,3.2283995151519775,1.0074432793771848e-05,16777216
kaitchup/Mayonnaise-4in1-03,False,0.03806528449058533,1024,4096,5.458967208862305,-0.017322104132504575,1.0032655000686646,0.00485270656645298,1.8446055784212259,-0.0031731467638023507,model.layers.24.self_attn.k_proj,1024,69.92066955566406,1024,0.9927201867103577,70.43341164176866,0.9927201867103577,0.00160199252422899,4194304
kaitchup/Mayonnaise-4in1-03,False,0.027498483657836914,1024,4096,8.18714714050293,-6.16893826799598,1.031109094619751,-5.559507369995117,1.698107929338552,-0.7534905825104088,model.layers.24.self_attn.v_proj,1024,49.900848388671875,1024,0.17640440165996552,282.8775694886571,0.17640440165996552,0.008457960560917854,4194304
kaitchup/Mayonnaise-4in1-03,False,0.019860565662384033,4096,4096,5.501214981079102,-2.2457766237132173,1.1566182374954224,-1.4183018207550049,2.2072872847334173,-0.40823284155179346,model.layers.24.self_attn.o_proj,4050,161.171142578125,4050,0.39063140749931335,412.5913571821751,0.39063140749931335,1.014871486404445e-05,16777216
kaitchup/Mayonnaise-4in1-03,False,0.03308969736099243,14336,4096,5.4710164070129395,5.200084788811879,1.1879242658615112,5.2001566886901855,2.8447513764422974,0.9504787414174503,model.layers.24.mlp.gate_proj,4096,699.4414672851562,4096,8.92233943939209,78.39216071483732,8.92233943939209,0.005462378263473511,58720256
kaitchup/Mayonnaise-4in1-03,False,0.052243173122406006,14336,4096,9.756187438964844,-0.6059262209644521,1.1954238414764404,-0.5641221404075623,2.7046077092014245,-0.06210686548973709,model.layers.24.mlp.up_proj,4096,506.532958984375,4096,0.866748571395874,584.4058769760854,0.866748571395874,0.005299936048686504,58720256
kaitchup/Mayonnaise-4in1-03,False,0.03565406799316406,4096,14336,4.430535316467285,0.41754915387212577,1.191431999206543,1.0165759325027466,2.703285341776455,0.09424349972342871,model.layers.24.mlp.down_proj,4096,504.99298095703125,4096,1.2423486709594727,406.4824897884926,1.2423486709594727,0.004638420417904854,58720256
kaitchup/Mayonnaise-4in1-03,False,0.03173065185546875,4096,4096,4.4833245277404785,2.073068183765188,1.142513632774353,2.077094554901123,2.288955276525105,0.4623952986089054,model.layers.25.self_attn.q_proj,4047,194.51597595214844,4047,2.89998197555542,67.07489135855532,2.89998197555542,1.023574895953061e-05,16777216
kaitchup/Mayonnaise-4in1-03,False,0.0518338680267334,1024,4096,5.129002094268799,-0.133916164164981,1.0003019571304321,-0.08986368775367737,1.8143481347231938,-0.02610959436234591,model.layers.25.self_attn.k_proj,1024,65.21509552001953,1024,0.9416519403457642,69.25605175949967,0.9416519403457642,0.001960965571925044,4194304
kaitchup/Mayonnaise-4in1-03,False,0.04257780313491821,1024,4096,7.348084926605225,-5.671502352256917,1.0277957916259766,-4.5438666343688965,1.7226728532852131,-0.7718340777094312,model.layers.25.self_attn.v_proj,1024,52.80473327636719,1024,0.16910868883132935,312.2532238957582,0.16910868883132935,0.008611313067376614,4194304
kaitchup/Mayonnaise-4in1-03,False,0.02702277898788452,4096,4096,6.021568775177002,-2.010650613544457,1.1546523571014404,-1.4597935676574707,2.2315293831443115,-0.3339081041194875,model.layers.25.self_attn.o_proj,4050,170.4234619140625,4050,0.4635449945926666,367.65246934403774,0.4635449945926666,1.0122856110683642e-05,16777216
kaitchup/Mayonnaise-4in1-03,False,0.03800773620605469,14336,4096,5.653426647186279,5.397411281548622,1.1884760856628418,5.397476673126221,2.844593276310099,0.9547150106272138,model.layers.25.mlp.gate_proj,4096,699.1868896484375,4096,9.009797096252441,77.60295622409289,9.009797096252441,0.004614018835127354,58720256
kaitchup/Mayonnaise-4in1-03,False,0.05941563844680786,14336,4096,10.153168678283691,-0.12617837519323807,1.1957104206085205,-0.10500343143939972,2.7099302757391475,-0.012427487338323969,model.layers.25.mlp.up_proj,4096,512.779052734375,4096,0.9717901945114136,527.6643617423869,0.9717901945114136,0.004883709363639355,58720256
kaitchup/Mayonnaise-4in1-03,False,0.03139162063598633,4096,14336,4.402958869934082,0.4568962994042024,1.1890462636947632,1.2277774810791016,2.7094114306345927,0.10377028559684064,model.layers.25.mlp.down_proj,4096,512.1668090820312,4096,1.269902229309082,403.3120009252104,1.269902229309082,0.004611974582076073,58720256
kaitchup/Mayonnaise-4in1-03,False,0.02928537130355835,4096,4096,3.4606411457061768,1.7569889431403385,1.1404675245285034,1.7796603441238403,2.275730627273071,0.5077061934954854,model.layers.26.self_attn.q_proj,4044,188.68206787109375,4044,3.218890428543091,58.61711420742382,3.218890428543091,1.035768673318671e-05,16777216
kaitchup/Mayonnaise-4in1-03,False,0.03363889455795288,1024,4096,4.771113872528076,0.10827552803974791,0.9969843626022339,0.13646546006202698,1.7808497897241595,0.022693972714253375,model.layers.26.self_attn.k_proj,1024,60.37397766113281,1024,1.0536441802978516,57.300157671886794,1.0536441802978516,0.002089026151224971,4194304
kaitchup/Mayonnaise-4in1-03,False,0.04720187187194824,1024,4096,9.651361465454102,-6.140420875014536,1.0255070924758911,-5.7870564460754395,1.7467442992505184,-0.6362232827972967,model.layers.26.self_attn.v_proj,1024,55.81414794921875,1024,0.23108763992786407,241.52805388744113,0.23108763992786407,0.008507166989147663,4194304
kaitchup/Mayonnaise-4in1-03,False,0.025110960006713867,4096,4096,4.953551292419434,-0.088155825710996,1.151208519935608,0.01506332028657198,2.2355601157301166,-0.017796489933576236,model.layers.26.self_attn.o_proj,4047,172.01254272460938,4047,0.9598503112792969,179.2076750960778,0.9598503112792969,1.044167311192723e-05,16777216
kaitchup/Mayonnaise-4in1-03,False,0.03948241472244263,14336,4096,5.675638675689697,5.353794951113979,1.1887176036834717,5.353908061981201,2.840972537003692,0.9432938312380134,model.layers.26.mlp.gate_proj,4096,693.3819580078125,4096,8.775943756103516,79.00938944892137,8.775943756103516,0.002921172883361578,58720256
kaitchup/Mayonnaise-4in1-03,False,0.0616266131401062,14336,4096,9.934950828552246,0.35213507312604214,1.1958394050598145,0.36668676137924194,2.7201070431480985,0.03544406803846823,model.layers.26.mlp.up_proj,4096,524.9368286132812,4096,1.085035800933838,483.7967817849821,1.085035800933838,0.003016935894265771,58720256
kaitchup/Mayonnaise-4in1-03,False,0.028999149799346924,4096,14336,3.905397415161133,0.05479173523155633,1.1864275932312012,1.3886359930038452,2.720446899979348,0.014029746375836037,model.layers.26.mlp.down_proj,4096,525.3477783203125,4096,1.032832145690918,508.6477802923907,1.032832145690918,0.004496446345001459,58720256
kaitchup/Mayonnaise-4in1-03,False,0.02716594934463501,4096,4096,4.571279525756836,2.2755032559877026,1.1454297304153442,2.2770559787750244,2.285345061956201,0.4977825668210396,model.layers.27.self_attn.q_proj,4046,192.90570068359375,4046,3.1461727619171143,61.3144017450736,3.1461727619171143,1.0167977961828e-05,16777216
kaitchup/Mayonnaise-4in1-03,False,0.026969194412231445,1024,4096,5.109678268432617,0.3914837543525998,1.009024739265442,0.3966217637062073,1.8204027635196578,0.07661612606241187,model.layers.27.self_attn.k_proj,1024,66.13064575195312,1024,1.192933201789856,55.435330035857724,1.192933201789856,0.001359693007543683,4194304
kaitchup/Mayonnaise-4in1-03,False,0.03537476062774658,1024,4096,6.7682342529296875,-3.8068501246635025,1.0282930135726929,-3.548408031463623,1.7238319592651414,-0.5624583875795486,model.layers.27.self_attn.v_proj,1024,52.94585418701172,1024,0.273868203163147,193.3260363032037,0.273868203163147,0.0064922054298222065,4194304
kaitchup/Mayonnaise-4in1-03,False,0.011376142501831055,4096,4096,4.284701347351074,0.21801350321803745,1.1476655006408691,0.42830225825309753,2.2236743171652797,0.05088184345749551,model.layers.27.self_attn.o_proj,4045,167.3687286376953,4045,1.1242990493774414,148.86495610787225,1.1242990493774414,1.103673184843501e-05,16777216
kaitchup/Mayonnaise-4in1-03,False,0.028497755527496338,14336,4096,5.627998352050781,5.383320376718369,1.189154863357544,5.383453369140625,2.842576789890698,0.9565248672748359,model.layers.27.mlp.gate_proj,4096,695.947998046875,4096,9.047422409057617,76.92224001281767,9.047422409057617,0.005689212586730719,58720256
kaitchup/Mayonnaise-4in1-03,False,0.06636887788772583,14336,4096,9.14011001586914,1.6351556504463938,1.1960926055908203,1.6360265016555786,2.7275167843069097,0.17889890248666832,model.layers.27.mlp.up_proj,4096,533.9699096679688,4096,1.5097286701202393,353.68601009971,1.5097286701202393,0.006433393340557814,58720256
kaitchup/Mayonnaise-4in1-03,False,0.04039406776428223,4096,14336,3.618783473968506,0.20602689080235947,1.1848407983779907,1.6190189123153687,2.7278925590993404,0.05693263835330329,model.layers.27.mlp.down_proj,4096,534.43212890625,4096,1.1400729417800903,468.7701192800847,1.1400729417800903,0.005616108886897564,58720256
kaitchup/Mayonnaise-4in1-03,False,0.031772494316101074,4096,4096,3.3387770652770996,1.8063646221326037,1.1336027383804321,1.832594633102417,2.255151217584213,0.5410258267671088,model.layers.28.self_attn.q_proj,4038,179.94973754882812,4038,3.4755682945251465,51.7756298537687,3.4755682945251465,1.0488640327821486e-05,16777216
kaitchup/Mayonnaise-4in1-03,False,0.04247468709945679,1024,4096,5.009154796600342,0.05227026765324486,0.9901086688041687,0.06675174832344055,1.7268980923413608,0.010434947566148309,model.layers.28.self_attn.k_proj,1024,53.32097625732422,1024,1.0243183374404907,52.05508317908248,1.0243183374404907,0.0016912748105823994,4194304
kaitchup/Mayonnaise-4in1-03,False,0.06208944320678711,1024,4096,3.2618629932403564,-1.3404983355933668,1.0178581476211548,-0.14683929085731506,1.8494192544535404,-0.410960956475277,model.layers.28.self_attn.v_proj,1024,70.6999740600586,1024,0.3881852626800537,182.12946460651764,0.3881852626800537,0.006743117235600948,4194304
kaitchup/Mayonnaise-4in1-03,False,0.020116299390792847,4096,4096,5.62114953994751,-0.42823538210517786,1.1456732749938965,-0.32610297203063965,2.2770050728598994,-0.07618288377881809,model.layers.28.self_attn.o_proj,4044,189.236572265625,4044,0.839106559753418,225.5215026816553,0.839106559753418,1.0275114618707448e-05,16777216
kaitchup/Mayonnaise-4in1-03,False,0.03053349256515503,14336,4096,4.820091247558594,4.5911384119619445,1.1882137060165405,4.5932297706604,2.839339581600174,0.9525003109199198,model.layers.28.mlp.gate_proj,4096,690.7797241210938,4096,8.963968276977539,77.06182159248003,8.963968276977539,0.006684117019176483,58720256
kaitchup/Mayonnaise-4in1-03,False,0.05494725704193115,14336,4096,7.165411949157715,2.820579168214625,1.1951526403427124,2.821178913116455,2.7409405480912015,0.3936381031862628,model.layers.28.mlp.up_proj,4096,550.7322998046875,4096,2.475358486175537,222.4858754319567,2.475358486175537,0.006726596970111132,58720256
kaitchup/Mayonnaise-4in1-03,False,0.023931443691253662,4096,14336,4.351051330566406,-0.5020831678890609,1.1903144121170044,1.052656650543213,2.7381246382515303,-0.11539352899881815,model.layers.28.mlp.down_proj,4096,547.1729736328125,4096,0.7666664719581604,713.7040599092138,0.7666664719581604,0.004900375381112099,58720256
kaitchup/Mayonnaise-4in1-03,False,0.02193164825439453,4096,4096,3.221088409423828,1.7251126406978645,1.129164457321167,1.7633103132247925,2.2203409618834375,0.5355682370129182,model.layers.29.self_attn.q_proj,4029,166.0890350341797,4029,3.4321656227111816,48.391905663043275,3.4321656227111816,1.045475437422283e-05,16777216
kaitchup/Mayonnaise-4in1-03,False,0.03064146637916565,1024,4096,3.8357441425323486,0.019829461306548748,0.9873527884483337,0.09384972602128983,1.676922906391575,0.005169651720684735,model.layers.29.self_attn.k_proj,1024,47.52508544921875,1024,1.0119746923446655,46.962721309864854,1.0119746923446655,0.0013117097551003098,4194304
kaitchup/Mayonnaise-4in1-03,False,0.0846264660358429,1024,4096,7.256565093994141,-4.572633841646475,1.027919888496399,-3.0351505279541016,1.951521948020708,-0.6301375075421004,model.layers.29.self_attn.v_proj,1024,89.43797302246094,1024,0.23434866964817047,381.6448932982418,0.23434866964817047,0.0065803793258965015,4194304
kaitchup/Mayonnaise-4in1-03,False,0.04621917009353638,4096,4096,6.208075046539307,-0.532113592070132,1.1460195779800415,-0.2822774350643158,2.318952646246,-0.08571313782148282,model.layers.29.self_attn.o_proj,4043,208.42636108398438,4043,0.8208935856819153,253.90180252272876,0.8208935856819153,1.0034294973593205e-05,16777216
kaitchup/Mayonnaise-4in1-03,False,0.0339168906211853,14336,4096,4.3065032958984375,3.8284323643627363,1.187046766281128,3.8389248847961426,2.8351438302451717,0.8889886066054979,model.layers.29.mlp.gate_proj,4096,684.13818359375,4096,7.744414806365967,88.33955833969318,7.744414806365967,0.007845518179237843,58720256
kaitchup/Mayonnaise-4in1-03,False,0.04354479908943176,14336,4096,5.88376522064209,3.215846736292148,1.1927869319915771,3.251530647277832,2.7533790408716357,0.5465627222870741,model.layers.29.mlp.up_proj,4096,566.7337036132812,4096,3.520162582397461,160.99645693844587,3.520162582397461,0.008086089044809341,58720256
kaitchup/Mayonnaise-4in1-03,False,0.02744758129119873,4096,14336,8.073095321655273,-0.22757770557089227,1.194223403930664,-0.1357736587524414,2.7423258534063435,-0.028189646783983557,model.layers.29.mlp.down_proj,4096,552.4918212890625,4096,0.9371526837348938,589.5430177793248,0.9371526837348938,0.005554720759391785,58720256
kaitchup/Mayonnaise-4in1-03,False,0.03322950005531311,4096,4096,3.9974076747894287,2.3328730625603904,1.1209557056427002,2.3398783206939697,2.219767911777446,0.583596483609413,model.layers.30.self_attn.q_proj,4032,165.87002563476562,4032,3.8335089683532715,43.26845900298416,3.8335089683532715,1.0046313036582433e-05,16777216
kaitchup/Mayonnaise-4in1-03,False,0.048819005489349365,1024,4096,4.446476459503174,-0.015956984515551772,0.9774430394172668,0.01752433180809021,1.653194363305568,-0.0035886807589969164,model.layers.30.self_attn.k_proj,1024,44.99811935424805,1024,0.9917708039283752,45.371490243523816,0.9917708039283752,0.0015147823141887784,4194304
kaitchup/Mayonnaise-4in1-03,False,0.0532134473323822,1024,4096,10.38576602935791,-2.8525011838403183,1.0142954587936401,-2.760181188583374,1.9700049786142098,-0.2746548666489333,model.layers.30.self_attn.v_proj,1024,93.32649993896484,1024,0.5313065052032471,175.65472853238177,0.5313065052032471,0.006281873676925898,4194304
kaitchup/Mayonnaise-4in1-03,False,0.017514288425445557,4096,4096,4.785625457763672,1.3387021625051907,1.140275478363037,1.3612968921661377,2.3321898063946183,0.27973400223651596,model.layers.30.self_attn.o_proj,4046,214.87693786621094,4046,1.9042940139770508,112.83811023353901,1.9042940139770508,1.001278269541217e-05,16777216
kaitchup/Mayonnaise-4in1-03,False,0.021392822265625,14336,4096,3.6307215690612793,3.0763102921710384,1.1866859197616577,3.144824743270874,2.841985338548407,0.8472999743041206,model.layers.30.mlp.gate_proj,4096,695.0008544921875,4096,7.035581111907959,98.7837171425506,7.035581111907959,0.008672100491821766,58720256
kaitchup/Mayonnaise-4in1-03,False,0.0453183650970459,14336,4096,5.095635414123535,4.379208406213068,1.1889625787734985,4.379666328430176,2.766871307237493,0.859403793700634,model.layers.30.mlp.up_proj,4096,584.6168212890625,4096,7.234421253204346,80.81044783369754,7.234421253204346,0.00885102991014719,58720256
kaitchup/Mayonnaise-4in1-03,False,0.02464514970779419,4096,14336,6.767331123352051,0.8601796791659021,1.193542242050171,0.900922954082489,2.743609753422934,0.12710766822058955,model.layers.30.mlp.down_proj,4096,554.1275634765625,4096,1.3400088548660278,413.5252998249503,1.3400088548660278,0.00803515873849392,58720256
kaitchup/Mayonnaise-4in1-03,False,0.030240684747695923,4096,4096,3.8082947731018066,2.3695008374678475,1.1100789308547974,2.38108491897583,2.209412327787624,0.6221947035727804,model.layers.31.self_attn.q_proj,4024,161.96170043945312,4024,4.189813613891602,38.656063339538186,4.189813613891602,1.0019721230491996e-05,16777216
kaitchup/Mayonnaise-4in1-03,False,0.03948146104812622,1024,4096,3.802622079849243,0.052958071394072465,0.9730821847915649,0.14207634329795837,1.6470557377758872,0.013926724844603021,model.layers.31.self_attn.k_proj,1024,44.36655807495117,1024,1.0325871706008911,42.96640452072733,1.0325871706008911,0.0010817816946655512,4194304
kaitchup/Mayonnaise-4in1-03,False,0.046264052391052246,1024,4096,2.8136606216430664,-0.682208224400191,1.0098297595977783,0.7088750600814819,1.9911958482821488,-0.24246286817697596,model.layers.31.self_attn.v_proj,1024,97.99317932128906,1024,0.5721858739852905,171.26109499831557,0.5721858739852905,1.3656922419613693e-05,4194304
kaitchup/Mayonnaise-4in1-03,False,0.06556767225265503,4096,4096,3.655992269515991,3.5937886620613573,1.117387294769287,3.5953502655029297,2.3611983483594448,0.9829858481996,model.layers.31.self_attn.o_proj,4036,229.71975708007812,4036,9.615809440612793,23.889799241429085,9.615809440612793,1.041815266944468e-05,16777216
kaitchup/Mayonnaise-4in1-03,False,0.022230684757232666,14336,4096,3.4841368198394775,2.978566388300996,1.1867620944976807,3.165858745574951,2.8809631579921744,0.8548936342971244,model.layers.31.mlp.gate_proj,4096,760.2617797851562,4096,7.159680366516113,106.18655315126843,7.159680366516113,0.00875118374824524,58720256
kaitchup/Mayonnaise-4in1-03,False,0.027202248573303223,14336,4096,4.139164924621582,5.458642849325122,1.173365831375122,5.458884239196777,2.786526572230516,1.318778775123142,model.layers.31.mlp.up_proj,4096,611.6832275390625,4096,20.834293365478516,29.359441993487238,20.834293365478516,0.010169078595936298,58720256
kaitchup/Mayonnaise-4in1-03,False,0.033628642559051514,4096,14336,5.725339412689209,2.921432266624648,1.1914336681365967,2.92313814163208,2.706653201961446,0.5102635941809505,model.layers.31.mlp.down_proj,4096,508.92431640625,4096,3.237901210784912,157.17722168641447,3.237901210784912,0.015105071477591991,58720256
kaitchup/Mayonnaise-4in1-03,False,0.021174252033233643,32000,4096,4.613859176635742,11.143235777230835,1.1333112716674805,11.14323616027832,3.368387543955318,2.4151659924211377,lm_head,4096,2335.541259765625,4096,260.1153564453125,8.97886726751812,260.1153564453125,0.00042959459824487567,131072000
