model_id,is_adapter,source_model,D,M,N,alpha,alpha_weighted,entropy,log_alpha_norm,log_norm,log_spectral_norm,longname,matrix_rank,norm,num_evals,spectral_norm,stable_rank,xmax,xmin,params
AIRLab-POLIMI/llama-2-7b-chat-hf-btgenbot-adapter,True,meta-llama/Llama-2-7b-chat-hf,0.019976317882537842,4096,4096,1.5524230003356934,4.148944785127546,0.7726190090179443,4.570404052734375,3.477829374452085,2.6725607545304246,model.layers.0.self_attn.q_proj,3038,3004.8955078125,3662,470.501220703125,6.386583871816386,470.501220703125,1.0002600902225822e-05,16777216
AIRLab-POLIMI/llama-2-7b-chat-hf-btgenbot-adapter,True,meta-llama/Llama-2-7b-chat-hf,0.03131780028343201,4096,4096,1.4596139192581177,3.698733770697079,0.7971312403678894,4.440124988555908,3.5759740592333715,2.534049396142403,model.layers.0.self_attn.k_proj,3112,3766.81298828125,3639,342.0183410644531,11.013482424825272,342.0183410644531,1.00241350082797e-05,16777216
AIRLab-POLIMI/llama-2-7b-chat-hf-btgenbot-adapter,True,meta-llama/Llama-2-7b-chat-hf,0.06975948810577393,4096,4096,3.571019411087036,4.32045450163924,1.0860977172851562,5.175621509552002,3.3071201254701066,1.2098658686159514,model.layers.0.self_attn.v_proj,4066,2028.24365234375,4066,16.213092803955078,125.09912062237584,16.213092803955078,1.0191228284384124e-05,16777216
AIRLab-POLIMI/llama-2-7b-chat-hf-btgenbot-adapter,True,meta-llama/Llama-2-7b-chat-hf,0.05236518383026123,4096,4096,2.2864956855773926,2.9229274064953397,1.0784368515014648,3.3925797939300537,2.932306513959548,1.278343722637392,model.layers.0.self_attn.o_proj,4054,855.67041015625,4054,18.98207664489746,45.07780819577827,18.98207664489746,1.0077314982481766e-05,16777216
AIRLab-POLIMI/llama-2-7b-chat-hf-btgenbot-adapter,True,meta-llama/Llama-2-7b-chat-hf,0.013767898082733154,11008,4096,2.696115016937256,5.755905815769747,1.1415635347366333,6.402803421020508,4.077483093319128,2.1348888232180707,model.layers.0.mlp.gate_proj,4096,11953.169921875,4096,136.4233856201172,87.61818853520938,136.4233856201172,0.03307237848639488,45088768
AIRLab-POLIMI/llama-2-7b-chat-hf-btgenbot-adapter,True,meta-llama/Llama-2-7b-chat-hf,0.027218639850616455,11008,4096,2.9648733139038086,6.056950149121333,1.1516153812408447,6.659074783325195,4.062796669567208,2.042903526675893,model.layers.0.mlp.up_proj,4096,11555.7109375,4096,110.38333892822266,104.68709362935797,110.38333892822266,0.02422589808702469,45088768
AIRLab-POLIMI/llama-2-7b-chat-hf-btgenbot-adapter,True,meta-llama/Llama-2-7b-chat-hf,0.017026007175445557,4096,11008,4.239284992218018,8.023700919406869,1.1771624088287354,8.105218887329102,4.098787056650306,1.892701465963208,model.layers.0.mlp.down_proj,4096,12554.142578125,4096,78.10906982421875,160.72579799474735,78.10906982421875,0.15374818444252014,45088768
AIRLab-POLIMI/llama-2-7b-chat-hf-btgenbot-adapter,True,meta-llama/Llama-2-7b-chat-hf,0.03259405493736267,4096,4096,2.9147372245788574,7.35505308829337,0.9899681806564331,7.766115188598633,4.0628574435404365,2.5234017757316294,model.layers.1.self_attn.q_proj,3858,11557.328125,3985,333.7350158691406,34.63025327115118,333.7350158691406,1.018946659314679e-05,16777216
AIRLab-POLIMI/llama-2-7b-chat-hf-btgenbot-adapter,True,meta-llama/Llama-2-7b-chat-hf,0.032071471214294434,4096,4096,3.108856678009033,8.083194630784897,0.9868128895759583,8.339597702026367,4.060982678919855,2.6000538036901455,model.layers.1.self_attn.k_proj,3809,11507.544921875,3971,398.156494140625,28.90206512068254,398.156494140625,1.0028108590631746e-05,16777216
AIRLab-POLIMI/llama-2-7b-chat-hf-btgenbot-adapter,True,meta-llama/Llama-2-7b-chat-hf,0.021351218223571777,4096,4096,4.254595756530762,4.375761384218822,1.1252278089523315,4.824801921844482,3.224495378657525,1.0284787638172375,model.layers.1.self_attn.v_proj,4072,1676.8544921875,4072,10.677725791931152,157.04228829838002,10.677725791931152,1.2047433301631827e-05,16777216
AIRLab-POLIMI/llama-2-7b-chat-hf-btgenbot-adapter,True,meta-llama/Llama-2-7b-chat-hf,0.021671026945114136,4096,4096,3.7641708850860596,4.392181031164639,1.1207548379898071,4.518182754516602,3.053947573412422,1.1668389043034164,model.layers.1.self_attn.o_proj,4062,1132.263671875,4062,14.683815002441406,77.109638856574,14.683815002441406,1.0765465958684217e-05,16777216
AIRLab-POLIMI/llama-2-7b-chat-hf-btgenbot-adapter,True,meta-llama/Llama-2-7b-chat-hf,0.012317031621932983,11008,4096,2.6201114654541016,6.008981094619909,1.1406166553497314,6.426291465759277,4.168438983841842,2.29340666374225,model.layers.1.mlp.gate_proj,4096,14738.0146484375,4096,196.51995849609375,74.99500183708032,196.51995849609375,0.01732809841632843,45088768
AIRLab-POLIMI/llama-2-7b-chat-hf-btgenbot-adapter,True,meta-llama/Llama-2-7b-chat-hf,0.061448365449905396,11008,4096,4.488639831542969,7.741026202705681,1.1721696853637695,7.95051383972168,4.116414125088604,1.7245817203481675,model.layers.1.mlp.up_proj,4096,13074.169921875,4096,53.03733825683594,246.50878704664032,53.03733825683594,0.015898050740361214,45088768
AIRLab-POLIMI/llama-2-7b-chat-hf-btgenbot-adapter,True,meta-llama/Llama-2-7b-chat-hf,0.021410465240478516,4096,11008,4.867532730102539,7.983251736793121,1.1886043548583984,8.189912796020508,4.128829419462324,1.640102322768551,model.layers.1.mlp.down_proj,4096,13453.318359375,4096,43.661869049072266,308.125113568881,43.661869049072266,0.2063319981098175,45088768
AIRLab-POLIMI/llama-2-7b-chat-hf-btgenbot-adapter,True,meta-llama/Llama-2-7b-chat-hf,0.022809594869613647,4096,4096,3.0654892921447754,7.404029686328595,1.0726722478866577,7.608178615570068,4.0680341685810255,2.4152847981890524,model.layers.2.self_attn.q_proj,3992,11695.9140625,4047,260.1865234375,44.95203636213504,260.1865234375,1.0378545084677171e-05,16777216
AIRLab-POLIMI/llama-2-7b-chat-hf-btgenbot-adapter,True,meta-llama/Llama-2-7b-chat-hf,0.02756953239440918,4096,4096,3.320493698120117,8.508700046350496,1.0713114738464355,8.563982009887695,4.111867507391176,2.5624804080091037,model.layers.2.self_attn.k_proj,3947,12938.0107421875,4035,365.15765380859375,35.43130099354092,365.15765380859375,1.033765965985367e-05,16777216
AIRLab-POLIMI/llama-2-7b-chat-hf-btgenbot-adapter,True,meta-llama/Llama-2-7b-chat-hf,0.024583816528320312,4096,4096,4.132143974304199,4.48726006296571,1.145475149154663,5.404621124267578,3.5319534801447463,1.0859399117915072,model.layers.2.self_attn.v_proj,4084,3403.71728515625,4084,12.188209533691406,279.26310880589006,12.188209533691406,1.0245272278552875e-05,16777216
AIRLab-POLIMI/llama-2-7b-chat-hf-btgenbot-adapter,True,meta-llama/Llama-2-7b-chat-hf,0.014071941375732422,4096,4096,4.433763027191162,6.886495016521883,1.15255606174469,6.89401388168335,3.5052590418821707,1.5531941996648733,model.layers.2.self_attn.o_proj,4083,3200.8037109375,4083,35.743263244628906,89.54984577180375,35.743263244628906,1.3908151231589727e-05,16777216
AIRLab-POLIMI/llama-2-7b-chat-hf-btgenbot-adapter,True,meta-llama/Llama-2-7b-chat-hf,0.015262901782989502,11008,4096,2.86421537399292,5.859215974266065,1.1615279912948608,6.504310131072998,4.1924229904207015,2.0456617988534505,model.layers.2.mlp.gate_proj,4096,15574.818359375,4096,111.08663177490234,140.20425419806273,111.08663177490234,0.019760679453611374,45088768
AIRLab-POLIMI/llama-2-7b-chat-hf-btgenbot-adapter,True,meta-llama/Llama-2-7b-chat-hf,0.06583261489868164,11008,4096,3.9347219467163086,5.142919276362611,1.1814771890640259,6.763962268829346,4.13174675721733,1.3070604088440338,model.layers.2.mlp.up_proj,4096,13543.994140625,4096,20.279647827148438,667.8614074596309,20.279647827148438,0.01589321158826351,45088768
AIRLab-POLIMI/llama-2-7b-chat-hf-btgenbot-adapter,True,meta-llama/Llama-2-7b-chat-hf,0.018752098083496094,4096,11008,5.3578691482543945,8.040591958298396,1.1910394430160522,8.353751182556152,4.137171010591096,1.5007070415144494,model.layers.2.mlp.down_proj,4096,13714.216796875,4096,31.674301147460938,432.9761446993868,31.674301147460938,0.14217421412467957,45088768
AIRLab-POLIMI/llama-2-7b-chat-hf-btgenbot-adapter,True,meta-llama/Llama-2-7b-chat-hf,0.02473360300064087,4096,4096,4.120599269866943,9.26362879300537,1.1073240041732788,9.309464454650879,4.020107791455052,2.2481265918645126,model.layers.3.self_attn.q_proj,4058,10473.884765625,4076,177.0625,59.15360262972114,177.0625,1.0546737030381337e-05,16777216
AIRLab-POLIMI/llama-2-7b-chat-hf-btgenbot-adapter,True,meta-llama/Llama-2-7b-chat-hf,0.0378146767616272,4096,4096,3.1638622283935547,7.48215289962067,1.1117844581604004,7.544267177581787,4.054393274107712,2.3648794920566814,model.layers.3.self_attn.k_proj,4045,11334.2626953125,4072,231.6751708984375,48.923079030688406,231.6751708984375,1.0468572327226866e-05,16777216
AIRLab-POLIMI/llama-2-7b-chat-hf-btgenbot-adapter,True,meta-llama/Llama-2-7b-chat-hf,0.046408385038375854,4096,4096,5.000687122344971,4.81987957015569,1.151449203491211,5.593046188354492,3.4862395156223083,0.9638434583556801,model.layers.3.self_attn.v_proj,4085,3063.652587890625,4085,9.201178550720215,332.9630623949603,9.201178550720215,1.0091414878843352e-05,16777216
AIRLab-POLIMI/llama-2-7b-chat-hf-btgenbot-adapter,True,meta-llama/Llama-2-7b-chat-hf,0.014388084411621094,4096,4096,4.259939193725586,6.814907288516697,1.1493622064590454,6.820640563964844,3.467151887471878,1.5997663296589522,model.layers.3.self_attn.o_proj,4084,2931.91845703125,4084,39.789302825927734,73.68609773983616,39.789302825927734,1.0480212949914858e-05,16777216
AIRLab-POLIMI/llama-2-7b-chat-hf-btgenbot-adapter,True,meta-llama/Llama-2-7b-chat-hf,0.01668781042098999,11008,4096,3.925783157348633,7.774879776647649,1.1811193227767944,7.957943916320801,4.205054205263234,1.9804659261665871,model.layers.3.mlp.gate_proj,4096,16034.455078125,4096,95.60176849365234,167.72132284550403,95.60176849365234,0.04837166517972946,45088768
AIRLab-POLIMI/llama-2-7b-chat-hf-btgenbot-adapter,True,meta-llama/Llama-2-7b-chat-hf,0.028806328773498535,11008,4096,9.121026992797852,11.557685363099408,1.1898386478424072,11.979975700378418,4.137990313307154,1.2671473697233426,model.layers.3.mlp.up_proj,4096,13740.11328125,4096,18.49896240234375,742.7504841844091,18.49896240234375,0.03858398273587227,45088768
AIRLab-POLIMI/llama-2-7b-chat-hf-btgenbot-adapter,True,meta-llama/Llama-2-7b-chat-hf,0.0345740020275116,4096,11008,4.149543285369873,6.634337199074057,1.1838210821151733,7.201026916503906,4.139735109062667,1.598811421600269,model.layers.3.mlp.down_proj,4096,13795.42578125,4096,39.70191192626953,347.47509910529,39.70191192626953,0.13175486028194427,45088768
AIRLab-POLIMI/llama-2-7b-chat-hf-btgenbot-adapter,True,meta-llama/Llama-2-7b-chat-hf,0.030687689781188965,4096,4096,2.7678799629211426,6.289580707131051,1.1011524200439453,6.64708948135376,4.056660730191868,2.272345907838144,model.layers.4.self_attn.q_proj,4062,11393.59375,4079,187.21726989746094,60.857600136142786,187.21726989746094,1.078679269994609e-05,16777216
AIRLab-POLIMI/llama-2-7b-chat-hf-btgenbot-adapter,True,meta-llama/Llama-2-7b-chat-hf,0.03826934099197388,4096,4096,2.919135570526123,6.97307195133008,1.1057862043380737,7.111158847808838,4.074798697395068,2.388745497720514,model.layers.4.self_attn.k_proj,4051,11879.5146484375,4074,244.76284790039062,48.53479500807255,244.76284790039062,1.0673191354726441e-05,16777216
AIRLab-POLIMI/llama-2-7b-chat-hf-btgenbot-adapter,True,meta-llama/Llama-2-7b-chat-hf,0.049716830253601074,4096,4096,4.915771484375,4.796078306329617,1.1511893272399902,5.779542446136475,3.5330013779042138,0.9756511915930525,model.layers.4.self_attn.v_proj,4083,3411.93994140625,4083,9.454774856567383,360.8695070127748,9.454774856567383,1.4128937436908018e-05,16777216
AIRLab-POLIMI/llama-2-7b-chat-hf-btgenbot-adapter,True,meta-llama/Llama-2-7b-chat-hf,0.0370233952999115,4096,4096,4.721642971038818,7.196500598407124,1.150844931602478,7.2034993171691895,3.5139510193413974,1.5241517926171804,model.layers.4.self_attn.o_proj,4084,3265.510009765625,4084,33.43118667602539,97.67855509919515,33.43118667602539,1.0414096323074773e-05,16777216
AIRLab-POLIMI/llama-2-7b-chat-hf-btgenbot-adapter,True,meta-llama/Llama-2-7b-chat-hf,0.015766605734825134,11008,4096,3.670006513595581,7.597647003275934,1.1798771619796753,7.741648197174072,4.222865876392162,2.0701998688913394,model.layers.4.mlp.gate_proj,4096,16705.74609375,4096,117.54383850097656,142.12353711429296,117.54383850097656,0.03607045114040375,45088768
AIRLab-POLIMI/llama-2-7b-chat-hf-btgenbot-adapter,True,meta-llama/Llama-2-7b-chat-hf,0.04128158092498779,11008,4096,6.284844398498535,7.92769738755474,1.190456509590149,8.800631523132324,4.131851959284297,1.2613991508602322,model.layers.4.mlp.up_proj,4096,13547.275390625,4096,18.255727767944336,742.0835566146523,18.255727767944336,0.027621136978268623,45088768
AIRLab-POLIMI/llama-2-7b-chat-hf-btgenbot-adapter,True,meta-llama/Llama-2-7b-chat-hf,0.04029470682144165,4096,11008,4.184954643249512,6.651020406334591,1.184098720550537,7.1955671310424805,4.129625137362988,1.589269412289315,model.layers.4.mlp.down_proj,4096,13477.990234375,4096,38.8391227722168,347.0209745318026,38.8391227722168,0.1534923017024994,45088768
AIRLab-POLIMI/llama-2-7b-chat-hf-btgenbot-adapter,True,meta-llama/Llama-2-7b-chat-hf,0.04215794801712036,4096,4096,2.8026480674743652,6.361172676508493,1.1046292781829834,6.688860893249512,4.061118801603859,2.2697008412622166,model.layers.5.self_attn.q_proj,4063,11511.15234375,4077,186.0804901123047,61.86114587726367,186.0804901123047,1.1030808309442364e-05,16777216
AIRLab-POLIMI/llama-2-7b-chat-hf-btgenbot-adapter,True,meta-llama/Llama-2-7b-chat-hf,0.03927409648895264,4096,4096,3.4829258918762207,8.46855333034389,1.1066510677337646,8.512907028198242,4.096070130896566,2.4314480391605335,model.layers.5.self_attn.k_proj,4049,12475.849609375,4075,270.0523986816406,46.197884818947784,270.0523986816406,1.0259986993332859e-05,16777216
AIRLab-POLIMI/llama-2-7b-chat-hf-btgenbot-adapter,True,meta-llama/Llama-2-7b-chat-hf,0.04486823081970215,4096,4096,4.49266242980957,4.251108583834802,1.1521669626235962,5.4407196044921875,3.5549343419720048,0.9462336977797356,model.layers.5.self_attn.v_proj,4084,3588.6767578125,4084,8.835552215576172,406.1632674736539,8.835552215576172,1.0511921573197469e-05,16777216
AIRLab-POLIMI/llama-2-7b-chat-hf-btgenbot-adapter,True,meta-llama/Llama-2-7b-chat-hf,0.03272312879562378,4096,4096,4.90830135345459,7.357879965745236,1.1492780447006226,7.367884635925293,3.5358832164239207,1.4990685037230995,model.layers.5.self_attn.o_proj,4085,3434.65576171875,4085,31.555023193359375,108.84656115358392,31.555023193359375,1.0956345249724109e-05,16777216
AIRLab-POLIMI/llama-2-7b-chat-hf-btgenbot-adapter,True,meta-llama/Llama-2-7b-chat-hf,0.016343355178833008,11008,4096,3.4912006855010986,7.599389601680367,1.1768314838409424,7.7113447189331055,4.227860152653153,2.1767266583214515,model.layers.5.mlp.gate_proj,4096,16898.966796875,4096,150.21961975097656,112.49507104923384,150.21961975097656,0.0742877647280693,45088768
AIRLab-POLIMI/llama-2-7b-chat-hf-btgenbot-adapter,True,meta-llama/Llama-2-7b-chat-hf,0.03004544973373413,11008,4096,5.765052795410156,7.463596916009676,1.1899323463439941,8.379576683044434,4.131881167123908,1.2946276783365827,model.layers.5.mlp.up_proj,4096,13548.1865234375,4096,19.707324981689453,687.4695848384011,19.707324981689453,0.04598090425133705,45088768
AIRLab-POLIMI/llama-2-7b-chat-hf-btgenbot-adapter,True,meta-llama/Llama-2-7b-chat-hf,0.025479495525360107,4096,11008,5.795377731323242,9.330904680895582,1.1832194328308105,9.493464469909668,4.130438936455174,1.6100597948022075,model.layers.5.mlp.down_proj,4096,13503.26953125,4096,40.74363708496094,331.4203271321168,40.74363708496094,0.11419502645730972,45088768
AIRLab-POLIMI/llama-2-7b-chat-hf-btgenbot-adapter,True,meta-llama/Llama-2-7b-chat-hf,0.04258698225021362,4096,4096,2.470958709716797,5.373362392816646,1.0973914861679077,5.970630168914795,4.011015559016944,2.1746063063241157,model.layers.6.self_attn.q_proj,4071,10256.88671875,4081,149.4879913330078,68.61344932986079,149.4879913330078,1.0639330866979435e-05,16777216
AIRLab-POLIMI/llama-2-7b-chat-hf-btgenbot-adapter,True,meta-llama/Llama-2-7b-chat-hf,0.04848051071166992,4096,4096,2.492166042327881,5.7894349746594465,1.102272629737854,6.107305526733398,4.0281114712935695,2.3230534708881816,model.layers.6.self_attn.k_proj,4066,10668.69921875,4081,210.40374755859375,50.70584218457874,210.40374755859375,1.037235779222101e-05,16777216
AIRLab-POLIMI/llama-2-7b-chat-hf-btgenbot-adapter,True,meta-llama/Llama-2-7b-chat-hf,0.051001518964767456,4096,4096,4.244933128356934,4.025284870777867,1.1475571393966675,5.165306091308594,3.4901633860220813,0.9482563680186678,model.layers.6.self_attn.v_proj,4084,3091.458251953125,4084,8.876798629760742,348.262744362429,8.876798629760742,1.218437773786718e-05,16777216
AIRLab-POLIMI/llama-2-7b-chat-hf-btgenbot-adapter,True,meta-llama/Llama-2-7b-chat-hf,0.03275042772293091,4096,4096,3.853562355041504,5.8370357116397065,1.142866849899292,5.885307788848877,3.4778700213254425,1.5147116288395546,model.layers.6.self_attn.o_proj,4083,3005.1767578125,4083,32.71234130859375,91.86675846473331,32.71234130859375,1.0716107681219e-05,16777216
AIRLab-POLIMI/llama-2-7b-chat-hf-btgenbot-adapter,True,meta-llama/Llama-2-7b-chat-hf,0.014289796352386475,11008,4096,3.421419143676758,7.809657465520023,1.1745051145553589,7.879284858703613,4.242697362300401,2.282578409007069,model.layers.6.mlp.gate_proj,4096,17486.27734375,4096,191.6807098388672,91.22606734109819,191.6807098388672,0.08385584503412247,45088768
AIRLab-POLIMI/llama-2-7b-chat-hf-btgenbot-adapter,True,meta-llama/Llama-2-7b-chat-hf,0.024124860763549805,11008,4096,5.5648884773254395,7.5074443669204936,1.1896023750305176,8.252448081970215,4.128968548473231,1.349073642267971,model.layers.6.mlp.up_proj,4096,13457.62890625,4096,22.339509963989258,602.4137918845744,22.339509963989258,0.07230793684720993,45088768
AIRLab-POLIMI/llama-2-7b-chat-hf-btgenbot-adapter,True,meta-llama/Llama-2-7b-chat-hf,0.030540764331817627,4096,11008,5.327273368835449,8.472444655862587,1.1821720600128174,8.882784843444824,4.125562014906465,1.5903904435290277,model.layers.6.mlp.down_proj,4096,13352.482421875,4096,38.93950653076172,342.90322634999774,38.93950653076172,0.0778374969959259,45088768
AIRLab-POLIMI/llama-2-7b-chat-hf-btgenbot-adapter,True,meta-llama/Llama-2-7b-chat-hf,0.035020679235458374,4096,4096,2.7068428993225098,5.781830776525473,1.1007376909255981,6.323488235473633,4.009448115383509,2.1360052990044585,model.layers.7.self_attn.q_proj,4075,10219.9345703125,4083,136.77455139160156,74.72102424267239,136.77455139160156,1.3008477253606543e-05,16777216
AIRLab-POLIMI/llama-2-7b-chat-hf-btgenbot-adapter,True,meta-llama/Llama-2-7b-chat-hf,0.036874622106552124,4096,4096,2.756319522857666,6.253543966587497,1.1039769649505615,6.5158538818359375,4.013649161530815,2.2688022613953036,model.layers.7.self_attn.k_proj,4070,10319.2744140625,4082,185.6958770751953,55.570832140144034,185.6958770751953,1.1561663086467888e-05,16777216
AIRLab-POLIMI/llama-2-7b-chat-hf-btgenbot-adapter,True,meta-llama/Llama-2-7b-chat-hf,0.04090285301208496,4096,4096,4.259160041809082,4.193431877028732,1.1453677415847778,5.304604530334473,3.5011947039194746,0.9845678105224634,model.layers.7.self_attn.v_proj,4084,3170.98876953125,4084,9.650899887084961,328.5692325722635,9.650899887084961,1.0287441909895279e-05,16777216
AIRLab-POLIMI/llama-2-7b-chat-hf-btgenbot-adapter,True,meta-llama/Llama-2-7b-chat-hf,0.032862573862075806,4096,4096,4.433640956878662,6.502562542017845,1.1467376947402954,6.5210652351379395,3.4845452704027355,1.466641662069932,model.layers.7.self_attn.o_proj,4082,3051.72412109375,4082,29.284759521484375,104.20861126945205,29.284759521484375,1.199430971610127e-05,16777216
AIRLab-POLIMI/llama-2-7b-chat-hf-btgenbot-adapter,True,meta-llama/Llama-2-7b-chat-hf,0.008682489395141602,11008,4096,3.3896331787109375,7.707467839069098,1.1734412908554077,7.782830715179443,4.242249301660386,2.2738353776676843,model.layers.7.mlp.gate_proj,4096,17468.24609375,4096,187.86045837402344,92.98522022644781,187.86045837402344,0.11605492234230042,45088768
AIRLab-POLIMI/llama-2-7b-chat-hf-btgenbot-adapter,True,meta-llama/Llama-2-7b-chat-hf,0.024857044219970703,11008,4096,5.487040996551514,7.637159302265113,1.1887972354888916,8.256048202514648,4.132029711648112,1.39185388027261,model.layers.7.mlp.up_proj,4096,13552.8212890625,4096,24.652097702026367,549.7634097056364,24.652097702026367,0.09434845298528671,45088768
AIRLab-POLIMI/llama-2-7b-chat-hf-btgenbot-adapter,True,meta-llama/Llama-2-7b-chat-hf,0.0339931845664978,4096,11008,4.0027008056640625,6.600328907711388,1.1807384490966797,7.126813888549805,4.127005024762883,1.648968840831552,model.layers.7.mlp.down_proj,4096,13396.921875,4096,44.56242752075195,300.6326769061511,44.56242752075195,0.1284729242324829,45088768
AIRLab-POLIMI/llama-2-7b-chat-hf-btgenbot-adapter,True,meta-llama/Llama-2-7b-chat-hf,0.04247799515724182,4096,4096,2.720945358276367,5.852695247069246,1.1071370840072632,6.3034210205078125,4.017869265639906,2.150978603545623,model.layers.8.self_attn.q_proj,4075,10420.037109375,4084,141.57240295410156,73.60217734492524,141.57240295410156,1.0948961971735116e-05,16777216
AIRLab-POLIMI/llama-2-7b-chat-hf-btgenbot-adapter,True,meta-llama/Llama-2-7b-chat-hf,0.01838192343711853,4096,4096,3.5102832317352295,8.08823583369983,1.1142820119857788,8.135392189025879,4.022890061400896,2.3041547646574356,model.layers.8.self_attn.k_proj,4072,10541.2001953125,4085,201.44419860839844,52.328139842856835,201.44419860839844,1.016150326904608e-05,16777216
AIRLab-POLIMI/llama-2-7b-chat-hf-btgenbot-adapter,True,meta-llama/Llama-2-7b-chat-hf,0.04662477970123291,4096,4096,3.518352508544922,3.6891473302241224,1.1411895751953125,4.952516078948975,3.5243488899091995,1.0485439765527746,model.layers.8.self_attn.v_proj,4083,3344.63623046875,4083,11.18263053894043,299.0920802419409,11.18263053894043,1.0582300092210062e-05,16777216
AIRLab-POLIMI/llama-2-7b-chat-hf-btgenbot-adapter,True,meta-llama/Llama-2-7b-chat-hf,0.04334759712219238,4096,4096,4.472970008850098,6.172864472244118,1.1459745168685913,6.2297539710998535,3.510232636160452,1.3800370805148827,model.layers.8.self_attn.o_proj,4083,3237.67041015625,4083,23.99037742614746,134.95704351143164,23.99037742614746,1.0918079169641715e-05,16777216
AIRLab-POLIMI/llama-2-7b-chat-hf-btgenbot-adapter,True,meta-llama/Llama-2-7b-chat-hf,0.008236348628997803,11008,4096,3.4287333488464355,7.606901099858446,1.173337459564209,7.701650619506836,4.22836120393972,2.2185747113923906,model.layers.8.mlp.gate_proj,4096,16918.474609375,4096,165.41493225097656,102.27900455628375,165.41493225097656,0.11017545312643051,45088768
AIRLab-POLIMI/llama-2-7b-chat-hf-btgenbot-adapter,True,meta-llama/Llama-2-7b-chat-hf,0.02147996425628662,11008,4096,4.877346992492676,7.112453456627531,1.1871918439865112,7.807623386383057,4.1427728343498655,1.4582627538239912,model.layers.8.mlp.up_proj,4096,13892.2578125,4096,28.72517967224121,483.6264897561245,28.72517967224121,0.09918125718832016,45088768
AIRLab-POLIMI/llama-2-7b-chat-hf-btgenbot-adapter,True,meta-llama/Llama-2-7b-chat-hf,0.03421476483345032,4096,11008,3.9206299781799316,6.624205623766664,1.1793675422668457,7.142788887023926,4.136082005020294,1.689576843679038,model.layers.8.mlp.down_proj,4096,13679.87109375,4096,48.93018341064453,279.5793953793766,48.93018341064453,0.13603772222995758,45088768
AIRLab-POLIMI/llama-2-7b-chat-hf-btgenbot-adapter,True,meta-llama/Llama-2-7b-chat-hf,0.03414708375930786,4096,4096,3.022057056427002,6.555279975005357,1.1140718460083008,6.817668437957764,4.018871898582019,2.1691450070620797,model.layers.9.self_attn.q_proj,4076,10444.12109375,4086,147.61993408203125,70.75007287258565,147.61993408203125,1.2229532330820803e-05,16777216
AIRLab-POLIMI/llama-2-7b-chat-hf-btgenbot-adapter,True,meta-llama/Llama-2-7b-chat-hf,0.023085474967956543,4096,4096,2.948350191116333,6.779712216538927,1.1144219636917114,6.933879852294922,4.040334230152678,2.2994935394604283,model.layers.9.self_attn.k_proj,4073,10973.2236328125,4085,199.29368591308594,55.06056843967469,199.29368591308594,1.0466476851433981e-05,16777216
AIRLab-POLIMI/llama-2-7b-chat-hf-btgenbot-adapter,True,meta-llama/Llama-2-7b-chat-hf,0.05902928113937378,4096,4096,3.6142477989196777,3.655342756388093,1.1421022415161133,5.009612083435059,3.5411905105694794,1.0113702656139678,model.layers.9.self_attn.v_proj,4083,3476.886474609375,4083,10.265267372131348,338.703937127697,10.265267372131348,1.0320918590878136e-05,16777216
AIRLab-POLIMI/llama-2-7b-chat-hf-btgenbot-adapter,True,meta-llama/Llama-2-7b-chat-hf,0.048684775829315186,4096,4096,4.203312873840332,5.932634355212564,1.1445151567459106,6.021488666534424,3.5293093316807544,1.4114186912268198,model.layers.9.self_attn.o_proj,4084,3383.05712890625,4084,25.788061141967773,131.18695160066244,25.788061141967773,1.0892144018725958e-05,16777216
AIRLab-POLIMI/llama-2-7b-chat-hf-btgenbot-adapter,True,meta-llama/Llama-2-7b-chat-hf,0.012153685092926025,11008,4096,3.403123140335083,7.575554107140624,1.172761082649231,7.662904739379883,4.220088057053255,2.226059356287269,model.layers.9.mlp.gate_proj,4096,16599.234375,4096,168.2904052734375,98.63446670075835,168.2904052734375,0.10258516669273376,45088768
AIRLab-POLIMI/llama-2-7b-chat-hf-btgenbot-adapter,True,meta-llama/Llama-2-7b-chat-hf,0.026310086250305176,11008,4096,4.571382522583008,6.670770057049552,1.1863741874694824,7.535161972045898,4.148670303221341,1.4592456492309265,model.layers.9.mlp.up_proj,4096,14082.193359375,4096,28.790264129638672,489.13039824729583,28.790264129638672,0.11137028783559799,45088768
AIRLab-POLIMI/llama-2-7b-chat-hf-btgenbot-adapter,True,meta-llama/Llama-2-7b-chat-hf,0.03156012296676636,4096,11008,3.9881343841552734,6.755906453854782,1.179695963859558,7.255549430847168,4.142086735131778,1.6940017068371054,model.layers.9.mlp.down_proj,4096,13870.328125,4096,49.4312629699707,280.5982953222573,49.4312629699707,0.16673223674297333,45088768
AIRLab-POLIMI/llama-2-7b-chat-hf-btgenbot-adapter,True,meta-llama/Llama-2-7b-chat-hf,0.0424613356590271,4096,4096,3.1550989151000977,6.812580214130411,1.1032793521881104,7.121819972991943,4.017641519293148,2.159228727037953,model.layers.10.self_attn.q_proj,4075,10414.57421875,4084,144.28750610351562,72.1793209959448,144.28750610351562,1.050909031619085e-05,16777216
AIRLab-POLIMI/llama-2-7b-chat-hf-btgenbot-adapter,True,meta-llama/Llama-2-7b-chat-hf,0.027883589267730713,4096,4096,2.7912373542785645,6.433599662694358,1.1054657697677612,6.682726860046387,4.043809767733717,2.304927473413387,model.layers.10.self_attn.k_proj,4073,11061.3916015625,4086,201.8029327392578,54.81283870068687,201.8029327392578,1.0407860827399418e-05,16777216
AIRLab-POLIMI/llama-2-7b-chat-hf-btgenbot-adapter,True,meta-llama/Llama-2-7b-chat-hf,0.06813311576843262,4096,4096,3.378263473510742,3.406282833145286,1.1400694847106934,4.849208354949951,3.5325307278640086,1.0082940125464595,model.layers.10.self_attn.v_proj,4083,3408.244384765625,4083,10.192811965942383,334.37724507758185,10.192811965942383,1.0260965609631967e-05,16777216
AIRLab-POLIMI/llama-2-7b-chat-hf-btgenbot-adapter,True,meta-llama/Llama-2-7b-chat-hf,0.04783165454864502,4096,4096,5.187347888946533,6.53505708660871,1.140329360961914,6.683300018310547,3.525605227536854,1.25980698162426,model.layers.10.self_attn.o_proj,4083,3354.32568359375,4083,18.188922882080078,184.41585053386902,18.188922882080078,1.0367323739046697e-05,16777216
AIRLab-POLIMI/llama-2-7b-chat-hf-btgenbot-adapter,True,meta-llama/Llama-2-7b-chat-hf,0.01377558708190918,11008,4096,3.4436709880828857,7.699111435102054,1.1715476512908936,7.777798652648926,4.217364661357317,2.235727937351007,model.layers.10.mlp.gate_proj,4096,16495.46875,4096,172.0790252685547,95.85984534870761,172.0790252685547,0.09461194276809692,45088768
AIRLab-POLIMI/llama-2-7b-chat-hf-btgenbot-adapter,True,meta-llama/Llama-2-7b-chat-hf,0.026095151901245117,11008,4096,4.430660247802734,6.618895773116571,1.1852225065231323,7.480616092681885,4.157770270366506,1.493884749208435,model.layers.10.mlp.up_proj,4096,14380.376953125,4096,31.180620193481445,461.195988530444,31.180620193481445,0.09702137857675552,45088768
AIRLab-POLIMI/llama-2-7b-chat-hf-btgenbot-adapter,True,meta-llama/Llama-2-7b-chat-hf,0.0327913761138916,4096,11008,3.6457767486572266,6.16509590588103,1.1784895658493042,6.869469165802002,4.149471192813156,1.691023979499483,model.layers.10.mlp.down_proj,4096,14108.1865234375,4096,49.09349822998047,287.3738281461861,49.09349822998047,0.0748070552945137,45088768
AIRLab-POLIMI/llama-2-7b-chat-hf-btgenbot-adapter,True,meta-llama/Llama-2-7b-chat-hf,0.05201983451843262,4096,4096,2.4496874809265137,5.125249918906702,1.0964367389678955,5.816817760467529,3.973494243259091,2.092205621660868,model.layers.11.self_attn.q_proj,4075,9407.93359375,4085,123.65327453613281,76.08317393164465,123.65327453613281,1.0613234735501464e-05,16777216
AIRLab-POLIMI/llama-2-7b-chat-hf-btgenbot-adapter,True,meta-llama/Llama-2-7b-chat-hf,0.04278084635734558,4096,4096,3.194195508956909,7.085944451006898,1.1014394760131836,7.247344017028809,3.9710135065159577,2.2183815709267187,model.layers.11.self_attn.k_proj,4074,9354.34765625,4085,165.3413848876953,56.5759604747701,165.3413848876953,1.1403721146052703e-05,16777216
AIRLab-POLIMI/llama-2-7b-chat-hf-btgenbot-adapter,True,meta-llama/Llama-2-7b-chat-hf,0.07451567053794861,4096,4096,8.91330337524414,9.38308083597695,1.1359754800796509,10.032103538513184,3.5685641344275285,1.0527052026566908,model.layers.11.self_attn.v_proj,4083,3703.0888671875,4083,11.290292739868164,327.98873798118547,11.290292739868164,1.0262645446346141e-05,16777216
AIRLab-POLIMI/llama-2-7b-chat-hf-btgenbot-adapter,True,meta-llama/Llama-2-7b-chat-hf,0.06055063009262085,4096,4096,5.145606994628906,7.692816757454631,1.1352561712265015,7.711467266082764,3.5602902043624165,1.4950261000275684,model.layers.11.self_attn.o_proj,4082,3633.20751953125,4082,31.262672424316406,116.21551319155,31.262672424316406,1.0004817340814043e-05,16777216
AIRLab-POLIMI/llama-2-7b-chat-hf-btgenbot-adapter,True,meta-llama/Llama-2-7b-chat-hf,0.013880431652069092,11008,4096,3.4243311882019043,7.740960175100607,1.1714069843292236,7.805724620819092,4.21422854805155,2.260575788279795,model.layers.11.mlp.gate_proj,4096,16376.78125,4096,182.2115020751953,89.87786755219001,182.2115020751953,0.08924072980880737,45088768
AIRLab-POLIMI/llama-2-7b-chat-hf-btgenbot-adapter,True,meta-llama/Llama-2-7b-chat-hf,0.027369976043701172,11008,4096,4.776543617248535,7.19441218133116,1.1853383779525757,7.91325044631958,4.165103588516655,1.5061962703222223,model.layers.11.mlp.up_proj,4096,14625.259765625,4096,32.077186584472656,455.93960452580745,32.077186584472656,0.09394209831953049,45088768
AIRLab-POLIMI/llama-2-7b-chat-hf-btgenbot-adapter,True,meta-llama/Llama-2-7b-chat-hf,0.02303415536880493,4096,11008,3.664965867996216,6.367287167131484,1.1796875,6.920510768890381,4.155139298129337,1.737338735602669,model.layers.11.mlp.down_proj,4096,14293.5234375,4096,54.618370056152344,261.69809576530827,54.618370056152344,0.1619785726070404,45088768
AIRLab-POLIMI/llama-2-7b-chat-hf-btgenbot-adapter,True,meta-llama/Llama-2-7b-chat-hf,0.04172617197036743,4096,4096,2.8098950386047363,6.0092339721665455,1.112131118774414,6.36530065536499,3.991009463009396,2.138597310435643,model.layers.12.self_attn.q_proj,4076,9795.11328125,4084,137.5933074951172,71.18887872942223,137.5933074951172,1.2567838894028682e-05,16777216
AIRLab-POLIMI/llama-2-7b-chat-hf-btgenbot-adapter,True,meta-llama/Llama-2-7b-chat-hf,0.03069007396697998,4096,4096,2.9887948036193848,6.757799386759182,1.10899817943573,6.953840255737305,4.017395888417098,2.261044946469925,model.layers.12.self_attn.k_proj,4075,10408.685546875,4086,182.408447265625,57.06251932355835,182.408447265625,1.128441817854764e-05,16777216
AIRLab-POLIMI/llama-2-7b-chat-hf-btgenbot-adapter,True,meta-llama/Llama-2-7b-chat-hf,0.05520224571228027,4096,4096,3.8143374919891357,3.8609795481129794,1.142681360244751,5.195596218109131,3.557925476911158,1.0122280884221182,model.layers.12.self_attn.v_proj,4082,3613.478515625,4082,10.285563468933105,351.3155624909888,10.285563468933105,1.2331141078902874e-05,16777216
AIRLab-POLIMI/llama-2-7b-chat-hf-btgenbot-adapter,True,meta-llama/Llama-2-7b-chat-hf,0.03336614370346069,4096,4096,4.521444320678711,6.2442053210830295,1.1444787979125977,6.330927848815918,3.5504266266811317,1.3810200631080018,model.layers.12.self_attn.o_proj,4083,3551.62109375,4083,24.04473876953125,147.7088658684246,24.04473876953125,1.1048547094105743e-05,16777216
AIRLab-POLIMI/llama-2-7b-chat-hf-btgenbot-adapter,True,meta-llama/Llama-2-7b-chat-hf,0.014529883861541748,11008,4096,3.496593713760376,7.78998859557588,1.172936201095581,7.852524757385254,4.208672957379346,2.227879254292377,model.layers.12.mlp.gate_proj,4096,16168.6201171875,4096,168.99710083007812,95.67394965813406,168.99710083007812,0.07636259496212006,45088768
AIRLab-POLIMI/llama-2-7b-chat-hf-btgenbot-adapter,True,meta-llama/Llama-2-7b-chat-hf,0.02817559242248535,11008,4096,4.726829528808594,7.351450046447973,1.1853450536727905,7.908829689025879,4.172967922034006,1.5552602440268075,model.layers.12.mlp.up_proj,4096,14892.5107421875,4096,35.9137077331543,414.67483259711577,35.9137077331543,0.07521423697471619,45088768
AIRLab-POLIMI/llama-2-7b-chat-hf-btgenbot-adapter,True,meta-llama/Llama-2-7b-chat-hf,0.027164041996002197,4096,11008,3.8589799404144287,6.403330931068288,1.1802674531936646,7.117767333984375,4.162370594326709,1.659332525677916,model.layers.12.mlp.down_proj,4096,14533.5126953125,4096,45.63862228393555,318.4476648943057,45.63862228393555,0.06494153290987015,45088768
AIRLab-POLIMI/llama-2-7b-chat-hf-btgenbot-adapter,True,meta-llama/Llama-2-7b-chat-hf,0.03716236352920532,4096,4096,3.2746758460998535,7.072693453862955,1.114418625831604,7.22383975982666,3.9825821399091765,2.1598148293934343,model.layers.13.self_attn.q_proj,4077,9606.875,4084,144.48236083984375,66.49168067407936,144.48236083984375,1.3875484000891447e-05,16777216
AIRLab-POLIMI/llama-2-7b-chat-hf-btgenbot-adapter,True,meta-llama/Llama-2-7b-chat-hf,0.02506697177886963,4096,4096,3.117347240447998,7.094292296703706,1.1184300184249878,7.187765598297119,3.998121904895269,2.2757465721669736,model.layers.13.self_attn.k_proj,4075,9956.8486328125,4086,188.68899536132812,52.768570916103144,188.68899536132812,1.15079592433176e-05,16777216
AIRLab-POLIMI/llama-2-7b-chat-hf-btgenbot-adapter,True,meta-llama/Llama-2-7b-chat-hf,0.06021204590797424,4096,4096,4.951792240142822,4.841725939693908,1.1504639387130737,5.917384147644043,3.588922277973254,0.9777724316548184,model.layers.13.self_attn.v_proj,4084,3880.80908203125,4084,9.501068115234375,408.4602946703027,9.501068115234375,1.2706063898804132e-05,16777216
AIRLab-POLIMI/llama-2-7b-chat-hf-btgenbot-adapter,True,meta-llama/Llama-2-7b-chat-hf,0.04194152355194092,4096,4096,4.1633405685424805,5.868664707729319,1.1422008275985718,6.026776313781738,3.5802504866879654,1.4096047659593327,model.layers.13.self_attn.o_proj,4082,3804.08740234375,4082,25.68057632446289,148.1309202052463,25.68057632446289,1.1293230272713117e-05,16777216
AIRLab-POLIMI/llama-2-7b-chat-hf-btgenbot-adapter,True,meta-llama/Llama-2-7b-chat-hf,0.00880470871925354,11008,4096,3.6321089267730713,8.145314762736533,1.174116849899292,8.184139251708984,4.205573061145792,2.2425854859956518,model.layers.13.mlp.gate_proj,4096,16053.623046875,4096,174.81773376464844,91.83063240304604,174.81773376464844,0.07134956121444702,45088768
AIRLab-POLIMI/llama-2-7b-chat-hf-btgenbot-adapter,True,meta-llama/Llama-2-7b-chat-hf,0.021819978952407837,11008,4096,4.77742338180542,7.653394528709554,1.1861393451690674,8.060253143310547,4.181709189438326,1.6019921026587527,model.layers.13.mlp.up_proj,4096,15195.296875,4096,39.99374771118164,379.9418095231827,39.99374771118164,0.08638152480125427,45088768
AIRLab-POLIMI/llama-2-7b-chat-hf-btgenbot-adapter,True,meta-llama/Llama-2-7b-chat-hf,0.01709383726119995,4096,11008,3.8365283012390137,6.165986393818518,1.1823517084121704,7.032568454742432,4.1692276776591495,1.6071786546777727,model.layers.13.mlp.down_proj,4096,14764.8037109375,4096,40.47423553466797,364.7951225240757,40.47423553466797,0.14273330569267273,45088768
AIRLab-POLIMI/llama-2-7b-chat-hf-btgenbot-adapter,True,meta-llama/Llama-2-7b-chat-hf,0.039799243211746216,4096,4096,2.5473108291625977,5.4156513512448665,1.1033360958099365,5.968353271484375,3.9802906094136263,2.1260269022705827,model.layers.14.self_attn.q_proj,4077,9556.318359375,4084,133.66783142089844,71.49303058028745,133.66783142089844,1.2668959243455902e-05,16777216
AIRLab-POLIMI/llama-2-7b-chat-hf-btgenbot-adapter,True,meta-llama/Llama-2-7b-chat-hf,0.021453857421875,4096,4096,2.599721908569336,5.888709674994243,1.1003252267837524,6.262001037597656,3.9968774888527503,2.265130610925568,model.layers.14.self_attn.k_proj,4076,9928.359375,4085,184.132568359375,53.91962683984635,184.132568359375,1.1641138371487614e-05,16777216
AIRLab-POLIMI/llama-2-7b-chat-hf-btgenbot-adapter,True,meta-llama/Llama-2-7b-chat-hf,0.0875413715839386,4096,4096,5.77396297454834,5.030779599982908,1.1494178771972656,6.338213920593262,3.572977618185848,0.871287125005583,model.layers.14.self_attn.v_proj,4084,3740.9130859375,4084,7.435105323791504,503.1419089608586,7.435105323791504,1.1914691640413366e-05,16777216
AIRLab-POLIMI/llama-2-7b-chat-hf-btgenbot-adapter,True,meta-llama/Llama-2-7b-chat-hf,0.05307239294052124,4096,4096,4.474984169006348,5.855592666720925,1.1431448459625244,6.0731425285339355,3.563129570266893,1.3085169568367738,model.layers.14.self_attn.o_proj,4083,3657.038818359375,4083,20.347776412963867,179.72670547084553,20.347776412963867,1.1498416824906599e-05,16777216
AIRLab-POLIMI/llama-2-7b-chat-hf-btgenbot-adapter,True,meta-llama/Llama-2-7b-chat-hf,0.01208353042602539,11008,4096,3.5866143703460693,8.009636872929175,1.1743839979171753,8.051298141479492,4.20378894024007,2.233202693646803,model.layers.14.mlp.gate_proj,4096,15987.80859375,4096,171.08135986328125,93.45149352639336,171.08135986328125,0.07160202413797379,45088768
AIRLab-POLIMI/llama-2-7b-chat-hf-btgenbot-adapter,True,meta-llama/Llama-2-7b-chat-hf,0.02364903688430786,11008,4096,4.825164794921875,7.834237471464397,1.1861631870269775,8.160978317260742,4.182709176416934,1.6236207061175083,model.layers.14.mlp.up_proj,4096,15230.3251953125,4096,42.03593444824219,362.31679859681066,42.03593444824219,0.08375964313745499,45088768
AIRLab-POLIMI/llama-2-7b-chat-hf-btgenbot-adapter,True,meta-llama/Llama-2-7b-chat-hf,0.009334027767181396,4096,11008,3.907238245010376,6.131956424226849,1.1826902627944946,7.146822929382324,4.170165734283115,1.5693838050591065,model.layers.14.mlp.down_proj,4096,14796.7294921875,4096,37.10084533691406,398.8245916721812,37.10084533691406,0.1274757832288742,45088768
AIRLab-POLIMI/llama-2-7b-chat-hf-btgenbot-adapter,True,meta-llama/Llama-2-7b-chat-hf,0.028447389602661133,4096,4096,2.965812921524048,6.535637536102791,1.112657070159912,6.724913120269775,3.969660938411687,2.2036580556619567,model.layers.15.self_attn.q_proj,4076,9325.259765625,4084,159.8299102783203,58.34489770648329,159.8299102783203,1.359898396913195e-05,16777216
AIRLab-POLIMI/llama-2-7b-chat-hf-btgenbot-adapter,True,meta-llama/Llama-2-7b-chat-hf,0.017263054847717285,4096,4096,2.7828407287597656,6.415807415446484,1.1092087030410767,6.617362022399902,3.99899784674602,2.305488542388062,model.layers.15.self_attn.k_proj,4074,9976.951171875,4086,202.06381225585938,49.37524963273423,202.06381225585938,1.1484636161185335e-05,16777216
AIRLab-POLIMI/llama-2-7b-chat-hf-btgenbot-adapter,True,meta-llama/Llama-2-7b-chat-hf,0.05935084819793701,4096,4096,4.008075714111328,3.7910707131895887,1.1496387720108032,5.345703125,3.606903741935373,0.9458580584798524,model.layers.15.self_attn.v_proj,4084,4044.8623046875,4084,8.827913284301758,458.19008121435434,8.827913284301758,1.3021108316024765e-05,16777216
AIRLab-POLIMI/llama-2-7b-chat-hf-btgenbot-adapter,True,meta-llama/Llama-2-7b-chat-hf,0.023197472095489502,4096,4096,4.277982711791992,5.629573994936684,1.1483635902404785,5.8755574226379395,3.595376801767269,1.3159412681634066,model.layers.15.self_attn.o_proj,4084,3938.916748046875,4084,20.6986141204834,190.2985738619531,20.6986141204834,1.0058829502668232e-05,16777216
AIRLab-POLIMI/llama-2-7b-chat-hf-btgenbot-adapter,True,meta-llama/Llama-2-7b-chat-hf,0.009370744228363037,11008,4096,3.748901605606079,8.362794296032716,1.1757947206497192,8.392473220825195,4.208528296704294,2.230731871844024,model.layers.15.mlp.gate_proj,4096,16163.2353515625,4096,170.1107940673828,95.01593029517021,170.1107940673828,0.08294536918401718,45088768
AIRLab-POLIMI/llama-2-7b-chat-hf-btgenbot-adapter,True,meta-llama/Llama-2-7b-chat-hf,0.01617950201034546,11008,4096,4.8532395362854,8.079855600092403,1.1869508028030396,8.312376976013184,4.1873901892529215,1.6648375872822894,model.layers.15.mlp.up_proj,4096,15395.3720703125,4096,46.2208137512207,333.0831030621114,46.2208137512207,0.09229586273431778,45088768
AIRLab-POLIMI/llama-2-7b-chat-hf-btgenbot-adapter,True,meta-llama/Llama-2-7b-chat-hf,0.00935143232345581,4096,11008,4.415033340454102,6.688740225225516,1.186120867729187,7.602762222290039,4.173262261020516,1.5149920078604786,model.layers.15.mlp.down_proj,4096,14902.607421875,4096,32.73346710205078,455.2712786401211,32.73346710205078,0.12461214512586594,45088768
AIRLab-POLIMI/llama-2-7b-chat-hf-btgenbot-adapter,True,meta-llama/Llama-2-7b-chat-hf,0.05153051018714905,4096,4096,2.5533132553100586,5.674147856537771,1.110711693763733,5.972020626068115,3.9632938666393853,2.2222685934588693,model.layers.16.self_attn.q_proj,4075,9189.5419921875,4084,166.82786560058594,55.0839750847668,166.82786560058594,1.2199699085613247e-05,16777216
AIRLab-POLIMI/llama-2-7b-chat-hf-btgenbot-adapter,True,meta-llama/Llama-2-7b-chat-hf,0.02873331308364868,4096,4096,2.8588309288024902,6.653867378871625,1.108229160308838,6.797059535980225,3.9860793493550517,2.327478449961643,model.layers.16.self_attn.k_proj,4074,9684.5478515625,4087,212.55848693847656,45.561802735101416,212.55848693847656,1.1626361811067909e-05,16777216
AIRLab-POLIMI/llama-2-7b-chat-hf-btgenbot-adapter,True,meta-llama/Llama-2-7b-chat-hf,0.04932229220867157,4096,4096,14.523033142089844,13.027617552860214,1.1567730903625488,13.206440925598145,3.6425741581843654,0.8970314551651266,model.layers.16.self_attn.v_proj,4086,4391.1083984375,4086,7.889172554016113,556.5993604997439,7.889172554016113,1.1144280506414361e-05,16777216
AIRLab-POLIMI/llama-2-7b-chat-hf-btgenbot-adapter,True,meta-llama/Llama-2-7b-chat-hf,0.02653259038925171,4096,4096,6.960832118988037,9.697138644461388,1.1560909748077393,9.698203086853027,3.633702346645441,1.3931004912486173,model.layers.16.self_attn.o_proj,4085,4302.31640625,4085,24.72296142578125,174.02107830672418,24.72296142578125,1.3090945685689803e-05,16777216
AIRLab-POLIMI/llama-2-7b-chat-hf-btgenbot-adapter,True,meta-llama/Llama-2-7b-chat-hf,0.006733715534210205,11008,4096,3.674664258956909,8.29503945736479,1.1748669147491455,8.328642845153809,4.214434849357543,2.2573598219608293,model.layers.16.mlp.gate_proj,4096,16384.5625,4096,180.86720275878906,90.58890860302094,180.86720275878906,0.0629982128739357,45088768
AIRLab-POLIMI/llama-2-7b-chat-hf-btgenbot-adapter,True,meta-llama/Llama-2-7b-chat-hf,0.010829448699951172,11008,4096,4.921056747436523,8.3623912900809,1.1862674951553345,8.531388282775879,4.186704109180215,1.6993080387534722,model.layers.16.mlp.up_proj,4096,15371.0703125,4096,50.03893280029297,307.18221697186164,50.03893280029297,0.0693129226565361,45088768
AIRLab-POLIMI/llama-2-7b-chat-hf-btgenbot-adapter,True,meta-llama/Llama-2-7b-chat-hf,0.009741485118865967,4096,11008,5.333178520202637,7.836646105554874,1.1890530586242676,8.461301803588867,4.172638557747952,1.469413798144735,model.layers.16.mlp.down_proj,4096,14881.220703125,4096,29.4722843170166,504.9225415667198,29.4722843170166,0.11692065000534058,45088768
AIRLab-POLIMI/llama-2-7b-chat-hf-btgenbot-adapter,True,meta-llama/Llama-2-7b-chat-hf,0.03359818458557129,4096,4096,2.959073066711426,6.561499362934094,1.1238493919372559,6.674051284790039,3.9565488888577685,2.217417148886504,model.layers.17.self_attn.q_proj,4076,9047.9228515625,4085,164.97462463378906,54.84433058506479,164.97462463378906,1.174548924609553e-05,16777216
AIRLab-POLIMI/llama-2-7b-chat-hf-btgenbot-adapter,True,meta-llama/Llama-2-7b-chat-hf,0.013387918472290039,4096,4096,2.9121851921081543,6.730346006639888,1.1193443536758423,6.835000514984131,3.975644038896934,2.3110982175442407,model.layers.17.self_attn.k_proj,4075,9454.619140625,4087,204.6907501220703,46.18977230278652,204.6907501220703,1.0929566997219808e-05,16777216
AIRLab-POLIMI/llama-2-7b-chat-hf-btgenbot-adapter,True,meta-llama/Llama-2-7b-chat-hf,0.029200613498687744,4096,4096,9.521263122558594,8.710323793991439,1.1599445343017578,9.086601257324219,3.6397548832319364,0.9148285980411771,model.layers.17.self_attn.v_proj,4087,4362.6953125,4087,8.219182014465332,530.794342408026,8.219182014465332,1.1900536264874972e-05,16777216
AIRLab-POLIMI/llama-2-7b-chat-hf-btgenbot-adapter,True,meta-llama/Llama-2-7b-chat-hf,0.03088313341140747,4096,4096,6.853664875030518,10.047767214042159,1.1584340333938599,10.048140525817871,3.6343826948538975,1.4660429707686018,model.layers.17.self_attn.o_proj,4086,4309.0615234375,4086,29.244417190551758,147.34646600615673,29.244417190551758,1.0085697795148008e-05,16777216
AIRLab-POLIMI/llama-2-7b-chat-hf-btgenbot-adapter,True,meta-llama/Llama-2-7b-chat-hf,0.012368500232696533,11008,4096,3.7409796714782715,8.547525036378179,1.175408959388733,8.57099723815918,4.222388127215723,2.284836002062682,model.layers.17.mlp.gate_proj,4096,16687.37890625,4096,192.67971801757812,86.60682648875174,192.67971801757812,0.06490350514650345,45088768
AIRLab-POLIMI/llama-2-7b-chat-hf-btgenbot-adapter,True,meta-llama/Llama-2-7b-chat-hf,0.012754321098327637,11008,4096,5.218236923217773,8.50857882785883,1.1866556406021118,8.726850509643555,4.183355965394856,1.6305466679753784,model.layers.17.mlp.up_proj,4096,15253.0244140625,4096,42.7116813659668,357.11599090117534,42.7116813659668,0.055516403168439865,45088768
AIRLab-POLIMI/llama-2-7b-chat-hf-btgenbot-adapter,True,meta-llama/Llama-2-7b-chat-hf,0.012623906135559082,4096,11008,6.072386741638184,8.87767963046962,1.189619541168213,9.250904083251953,4.171689209842223,1.4619753332895653,model.layers.17.mlp.down_proj,4096,14848.7265625,4096,28.971790313720703,512.5236100948796,28.971790313720703,0.08846507221460342,45088768
AIRLab-POLIMI/llama-2-7b-chat-hf-btgenbot-adapter,True,meta-llama/Llama-2-7b-chat-hf,0.029396414756774902,4096,4096,3.2712316513061523,7.276188167830453,1.131621241569519,7.3122735023498535,3.937118079384489,2.2242962111610725,model.layers.18.self_attn.q_proj,4076,8652.03125,4086,167.6085662841797,51.62045975222122,167.6085662841797,1.2640247405215632e-05,16777216
AIRLab-POLIMI/llama-2-7b-chat-hf-btgenbot-adapter,True,meta-llama/Llama-2-7b-chat-hf,0.014819681644439697,4096,4096,3.2267966270446777,7.397637587983995,1.1304028034210205,7.4330058097839355,3.9560721492917987,2.292563939723484,model.layers.18.self_attn.k_proj,4076,9037.99609375,4086,196.1389923095703,46.07954791306942,196.1389923095703,1.2744676496367902e-05,16777216
AIRLab-POLIMI/llama-2-7b-chat-hf-btgenbot-adapter,True,meta-llama/Llama-2-7b-chat-hf,0.05536794662475586,4096,4096,10.172675132751465,9.310891370244335,1.1607139110565186,9.702138900756836,3.6794431574111974,0.9152844506227696,model.layers.18.self_attn.v_proj,4086,4780.16796875,4086,8.227813720703125,580.976688463664,8.227813720703125,1.0648551324266009e-05,16777216
AIRLab-POLIMI/llama-2-7b-chat-hf-btgenbot-adapter,True,meta-llama/Llama-2-7b-chat-hf,0.039932310581207275,4096,4096,7.605144500732422,11.133281850098028,1.161433458328247,11.133393287658691,3.667257815832767,1.4639145711203547,model.layers.18.self_attn.o_proj,4087,4647.9111328125,4087,29.1014461517334,159.7140949139963,29.1014461517334,1.1395956789783668e-05,16777216
AIRLab-POLIMI/llama-2-7b-chat-hf-btgenbot-adapter,True,meta-llama/Llama-2-7b-chat-hf,0.010767117142677307,11008,4096,4.028745651245117,9.115231657564788,1.1784322261810303,9.126173973083496,4.2300828301127,2.262548308242703,model.layers.18.mlp.gate_proj,4096,16985.67578125,4096,183.0409698486328,92.79712512065709,183.0409698486328,0.053532179445028305,45088768
AIRLab-POLIMI/llama-2-7b-chat-hf-btgenbot-adapter,True,meta-llama/Llama-2-7b-chat-hf,0.011972278356552124,11008,4096,6.001911640167236,9.398802341528507,1.1879855394363403,9.575631141662598,4.180852063066919,1.5659681289920857,model.layers.18.mlp.up_proj,4096,15165.3369140625,4096,36.81019592285156,411.9874000629251,36.81019592285156,0.07250659167766571,45088768
AIRLab-POLIMI/llama-2-7b-chat-hf-btgenbot-adapter,True,meta-llama/Llama-2-7b-chat-hf,0.012784600257873535,4096,11008,5.908725261688232,8.597457450113847,1.189658522605896,9.050704002380371,4.170851809470366,1.4550443740986179,model.layers.18.mlp.down_proj,4096,14820.123046875,4096,28.51309585571289,519.7654832667228,28.51309585571289,0.08689829707145691,45088768
AIRLab-POLIMI/llama-2-7b-chat-hf-btgenbot-adapter,True,meta-llama/Llama-2-7b-chat-hf,0.016350775957107544,4096,4096,2.9886252880096436,6.603939373996134,1.124282717704773,6.707678318023682,3.926486039316551,2.209691325470316,model.layers.19.self_attn.q_proj,4076,8442.791015625,4086,162.06578063964844,52.09484064003281,162.06578063964844,1.0835055036295671e-05,16777216
AIRLab-POLIMI/llama-2-7b-chat-hf-btgenbot-adapter,True,meta-llama/Llama-2-7b-chat-hf,0.017754077911376953,4096,4096,2.961610794067383,6.817901496742009,1.1199414730072021,6.906365394592285,3.9430363452813855,2.302092331105573,model.layers.19.self_attn.k_proj,4075,8770.7421875,4087,200.4898223876953,43.746570688958265,200.4898223876953,1.0371822099841665e-05,16777216
AIRLab-POLIMI/llama-2-7b-chat-hf-btgenbot-adapter,True,meta-llama/Llama-2-7b-chat-hf,0.06600415706634521,4096,4096,10.571049690246582,9.1882142678935,1.1579370498657227,10.235941886901855,3.687019898308263,0.8691865554629867,model.layers.19.self_attn.v_proj,4087,4864.294921875,4087,7.399230480194092,657.4055146539242,7.399230480194092,1.0348497198719997e-05,16777216
AIRLab-POLIMI/llama-2-7b-chat-hf-btgenbot-adapter,True,meta-llama/Llama-2-7b-chat-hf,0.043988704681396484,4096,4096,8.066940307617188,11.715849157212888,1.1612622737884521,11.715913772583008,3.6781080733956704,1.4523287281734598,model.layers.19.self_attn.o_proj,4087,4765.49560546875,4087,28.335359573364258,168.18193512350555,28.335359573364258,1.0872408893192187e-05,16777216
AIRLab-POLIMI/llama-2-7b-chat-hf-btgenbot-adapter,True,meta-llama/Llama-2-7b-chat-hf,0.008284598588943481,11008,4096,4.122467994689941,9.076180981597686,1.1797893047332764,9.090925216674805,4.233323523317735,2.201637706657398,model.layers.19.mlp.gate_proj,4096,17112.896484375,4096,159.08810424804688,107.56867438493659,159.08810424804688,0.07185126096010208,45088768
AIRLab-POLIMI/llama-2-7b-chat-hf-btgenbot-adapter,True,meta-llama/Llama-2-7b-chat-hf,0.01181185245513916,11008,4096,6.1189775466918945,9.468265659393253,1.1881178617477417,9.704279899597168,4.180912214035664,1.5473607456709964,model.layers.19.mlp.up_proj,4096,15167.4375,4096,35.2663688659668,430.0821997763732,35.2663688659668,0.0706423819065094,45088768
AIRLab-POLIMI/llama-2-7b-chat-hf-btgenbot-adapter,True,meta-llama/Llama-2-7b-chat-hf,0.019300341606140137,4096,11008,5.944000244140625,8.832410172464476,1.1899532079696655,9.203011512756348,4.172822116347187,1.4859370473901206,model.layers.19.mlp.down_proj,4096,14887.51171875,4096,30.615196228027344,486.27850064605843,30.615196228027344,0.09303351491689682,45088768
AIRLab-POLIMI/llama-2-7b-chat-hf-btgenbot-adapter,True,meta-llama/Llama-2-7b-chat-hf,0.019914448261260986,4096,4096,2.8804080486297607,6.466506275413039,1.1209399700164795,6.578857898712158,3.932368020155673,2.2449965998703627,model.layers.20.self_attn.q_proj,4075,8557.916015625,4085,175.79098510742188,48.6823372108385,175.79098510742188,1.1350381100783125e-05,16777216
AIRLab-POLIMI/llama-2-7b-chat-hf-btgenbot-adapter,True,meta-llama/Llama-2-7b-chat-hf,0.018566608428955078,4096,4096,2.9346981048583984,6.754459469921051,1.119047999382019,6.8517746925354,3.947971240585196,2.3015857947156575,model.layers.20.self_attn.k_proj,4074,8870.97265625,4086,200.25611877441406,44.29813536056312,200.25611877441406,1.023457934934413e-05,16777216
AIRLab-POLIMI/llama-2-7b-chat-hf-btgenbot-adapter,True,meta-llama/Llama-2-7b-chat-hf,0.0455910861492157,4096,4096,8.618730545043945,7.5029097928111295,1.160398006439209,8.648488998413086,3.6999898221694516,0.870535371026949,model.layers.20.self_attn.v_proj,4087,5011.7548828125,4087,7.42224645614624,675.2342316337863,7.42224645614624,1.051395338436123e-05,16777216
AIRLab-POLIMI/llama-2-7b-chat-hf-btgenbot-adapter,True,meta-llama/Llama-2-7b-chat-hf,0.04972177743911743,4096,4096,7.770211696624756,12.668016338557983,1.163098692893982,12.668021202087402,3.694536649571592,1.6303309141578148,model.layers.20.self_attn.o_proj,4088,4949.21875,4088,42.690467834472656,115.9326426027942,42.690467834472656,1.0378279512224253e-05,16777216
AIRLab-POLIMI/llama-2-7b-chat-hf-btgenbot-adapter,True,meta-llama/Llama-2-7b-chat-hf,0.009428083896636963,11008,4096,4.001678466796875,8.83735856274838,1.179227590560913,8.857749938964844,4.237918702640479,2.2084129537329376,model.layers.20.mlp.gate_proj,4096,17294.92578125,4096,161.5894317626953,107.03005507593302,161.5894317626953,0.04996780306100845,45088768
AIRLab-POLIMI/llama-2-7b-chat-hf-btgenbot-adapter,True,meta-llama/Llama-2-7b-chat-hf,0.013065367937088013,11008,4096,5.967060089111328,9.387311058608903,1.1875298023223877,9.602043151855469,4.180207329114877,1.573188625289502,model.layers.20.mlp.up_proj,4096,15142.83984375,4096,37.427310943603516,404.59331600305563,37.427310943603516,0.049490269273519516,45088768
AIRLab-POLIMI/llama-2-7b-chat-hf-btgenbot-adapter,True,meta-llama/Llama-2-7b-chat-hf,0.034721970558166504,4096,11008,7.1626996994018555,10.158729539259468,1.1917933225631714,10.53846549987793,4.172644115224383,1.4182822072113126,model.layers.20.mlp.down_proj,4096,14881.4111328125,4096,26.198848724365234,568.0177510614279,26.198848724365234,0.08946830779314041,45088768
AIRLab-POLIMI/llama-2-7b-chat-hf-btgenbot-adapter,True,meta-llama/Llama-2-7b-chat-hf,0.022618576884269714,4096,4096,3.0246853828430176,6.678548503022197,1.125174880027771,6.769637107849121,3.9125831055648823,2.2080142751061183,model.layers.21.self_attn.q_proj,4075,8176.794921875,4086,161.441162109375,50.6487615366352,161.441162109375,1.0904823284363374e-05,16777216
AIRLab-POLIMI/llama-2-7b-chat-hf-btgenbot-adapter,True,meta-llama/Llama-2-7b-chat-hf,0.030440092086791992,4096,4096,3.114821672439575,6.998188063480101,1.1253849267959595,7.065969944000244,3.9221289049431305,2.2467379514535786,model.layers.21.self_attn.k_proj,4076,8358.5107421875,4085,176.49725341796875,47.35773832351626,176.49725341796875,1.3159876289137173e-05,16777216
AIRLab-POLIMI/llama-2-7b-chat-hf-btgenbot-adapter,True,meta-llama/Llama-2-7b-chat-hf,0.06481873989105225,4096,4096,16.514659881591797,16.61839612948616,1.1584738492965698,16.70037269592285,3.7264130269877946,1.0062814643860751,model.layers.21.self_attn.v_proj,4087,5326.1455078125,4087,10.145687103271484,524.9664664007902,10.145687103271484,1.1321892998239491e-05,16777216
AIRLab-POLIMI/llama-2-7b-chat-hf-btgenbot-adapter,True,meta-llama/Llama-2-7b-chat-hf,0.0660163164138794,4096,4096,8.711650848388672,13.01925375341658,1.165144920349121,13.019267082214355,3.7137889622164786,1.4944645945980093,model.layers.21.self_attn.o_proj,4089,5173.5537109375,4089,31.222278594970703,165.70070935728754,31.222278594970703,1.1814268873422407e-05,16777216
AIRLab-POLIMI/llama-2-7b-chat-hf-btgenbot-adapter,True,meta-llama/Llama-2-7b-chat-hf,0.012529492378234863,11008,4096,4.058891296386719,8.790531142888772,1.1801353693008423,8.814117431640625,4.243774996638123,2.165746875437198,model.layers.21.mlp.gate_proj,4096,17529.720703125,4096,146.46939086914062,119.68180245104239,146.46939086914062,0.05625845491886139,45088768
AIRLab-POLIMI/llama-2-7b-chat-hf-btgenbot-adapter,True,meta-llama/Llama-2-7b-chat-hf,0.022651493549346924,11008,4096,6.6309051513671875,10.01763402105123,1.1876870393753052,10.281100273132324,4.178873349592229,1.5107491047411155,model.layers.21.mlp.up_proj,4096,15096.3984375,4096,32.41522979736328,465.7193094687847,32.41522979736328,0.05644160136580467,45088768
AIRLab-POLIMI/llama-2-7b-chat-hf-btgenbot-adapter,True,meta-llama/Llama-2-7b-chat-hf,0.04177194833755493,4096,11008,7.039684295654297,9.636253270723946,1.1915419101715088,10.17944049835205,4.172606636505992,1.3688473610489253,model.layers.21.mlp.down_proj,4096,14880.126953125,4096,23.38015365600586,636.4426501235853,23.38015365600586,0.09327821433544159,45088768
AIRLab-POLIMI/llama-2-7b-chat-hf-btgenbot-adapter,True,meta-llama/Llama-2-7b-chat-hf,0.024878978729248047,4096,4096,3.1706714630126953,7.039463200357962,1.1304216384887695,7.094034671783447,3.9308830968045907,2.220180577671467,model.layers.22.self_attn.q_proj,4076,8528.705078125,4086,166.0277099609375,51.369166509202635,166.0277099609375,1.1947618077101652e-05,16777216
AIRLab-POLIMI/llama-2-7b-chat-hf-btgenbot-adapter,True,meta-llama/Llama-2-7b-chat-hf,0.03335672616958618,4096,4096,3.2643649578094482,7.340960171126634,1.1311331987380981,7.385243892669678,3.941634719253293,2.2488172327559797,model.layers.22.self_attn.k_proj,4075,8742.4814453125,4086,177.34429931640625,49.29665897923637,177.34429931640625,1.046307534124935e-05,16777216
AIRLab-POLIMI/llama-2-7b-chat-hf-btgenbot-adapter,True,meta-llama/Llama-2-7b-chat-hf,0.08025023341178894,4096,4096,13.9456148147583,12.019259904292802,1.16177237033844,12.951815605163574,3.729558105455232,0.861866620005388,model.layers.22.self_attn.v_proj,4088,5364.8564453125,4088,7.2755632400512695,737.3802231254738,7.2755632400512695,1.1150008504046127e-05,16777216
AIRLab-POLIMI/llama-2-7b-chat-hf-btgenbot-adapter,True,meta-llama/Llama-2-7b-chat-hf,0.06862926483154297,4096,4096,8.069900512695312,14.15621397413334,1.1634745597839355,14.156213760375977,3.7158654025657927,1.7541993178061157,model.layers.22.self_attn.o_proj,4087,5198.3486328125,4088,56.780513763427734,91.55163080191696,56.780513763427734,1.2548589438665658e-05,16777216
AIRLab-POLIMI/llama-2-7b-chat-hf-btgenbot-adapter,True,meta-llama/Llama-2-7b-chat-hf,0.011614158749580383,11008,4096,3.9601378440856934,8.516818046594693,1.180018663406372,8.555182456970215,4.248747150699525,2.1506367661707078,model.layers.22.mlp.gate_proj,4096,17731.568359375,4096,141.4610137939453,125.34597260276337,141.4610137939453,0.06693550199270248,45088768
AIRLab-POLIMI/llama-2-7b-chat-hf-btgenbot-adapter,True,meta-llama/Llama-2-7b-chat-hf,0.01716792583465576,11008,4096,5.979977130889893,8.658917732347534,1.1875351667404175,9.269350051879883,4.178357352770085,1.4479850913842849,model.layers.22.mlp.up_proj,4096,15078.47265625,4096,28.053373336791992,537.4923177767926,28.053373336791992,0.05697712302207947,45088768
AIRLab-POLIMI/llama-2-7b-chat-hf-btgenbot-adapter,True,meta-llama/Llama-2-7b-chat-hf,0.04516226053237915,4096,11008,7.867917537689209,11.298602776423524,1.1915124654769897,11.543722152709961,4.172903299610771,1.4360347223138157,model.layers.22.mlp.down_proj,4096,14890.294921875,4096,27.291959762573242,545.5927332230193,27.291959762573242,0.09580492228269577,45088768
AIRLab-POLIMI/llama-2-7b-chat-hf-btgenbot-adapter,True,meta-llama/Llama-2-7b-chat-hf,0.017902076244354248,4096,4096,3.8686749935150146,8.466344214595383,1.1418431997299194,8.473570823669434,3.9246122406966686,2.1884351176532926,model.layers.23.self_attn.q_proj,4078,8406.4423828125,4087,154.3245849609375,54.47247685739982,154.3245849609375,1.1122720934508834e-05,16777216
AIRLab-POLIMI/llama-2-7b-chat-hf-btgenbot-adapter,True,meta-llama/Llama-2-7b-chat-hf,0.03183823823928833,4096,4096,3.800222396850586,8.415128195777568,1.1410168409347534,8.42349910736084,3.931347308424828,2.2143778224010155,model.layers.23.self_attn.k_proj,4079,8537.826171875,4086,163.82411193847656,52.115809271600654,163.82411193847656,1.295094352826709e-05,16777216
AIRLab-POLIMI/llama-2-7b-chat-hf-btgenbot-adapter,True,meta-llama/Llama-2-7b-chat-hf,0.03197863698005676,4096,4096,7.84868049621582,7.479332831450461,1.1614744663238525,8.647528648376465,3.7693729983433,0.9529414320096942,model.layers.23.self_attn.v_proj,4087,5879.94140625,4087,8.973077774047852,655.2870212778168,8.973077774047852,1.3167712495487649e-05,16777216
AIRLab-POLIMI/llama-2-7b-chat-hf-btgenbot-adapter,True,meta-llama/Llama-2-7b-chat-hf,0.05208945274353027,4096,4096,8.494213104248047,12.541422285325828,1.1641829013824463,12.54147720336914,3.7586104735647283,1.476466640453573,model.layers.23.self_attn.o_proj,4089,5736.017578125,4089,29.954814910888672,191.48900085641787,29.954814910888672,1.1860208360303659e-05,16777216
AIRLab-POLIMI/llama-2-7b-chat-hf-btgenbot-adapter,True,meta-llama/Llama-2-7b-chat-hf,0.011937081813812256,11008,4096,4.106496810913086,8.526212757990352,1.1818445920944214,8.570855140686035,4.248622995006579,2.07627404831578,model.layers.23.mlp.gate_proj,4096,17726.5,4096,119.19939422607422,148.71300408104275,119.19939422607422,0.0571100190281868,45088768
AIRLab-POLIMI/llama-2-7b-chat-hf-btgenbot-adapter,True,meta-llama/Llama-2-7b-chat-hf,0.021061241626739502,11008,4096,7.099409580230713,9.803807489376714,1.1884336471557617,10.382953643798828,4.182717780990568,1.3809327914643452,model.layers.23.mlp.up_proj,4096,15230.626953125,4096,24.039907455444336,633.5559727654321,24.039907455444336,0.058318573981523514,45088768
AIRLab-POLIMI/llama-2-7b-chat-hf-btgenbot-adapter,True,meta-llama/Llama-2-7b-chat-hf,0.032892048358917236,4096,11008,6.9525675773620605,10.610148088683587,1.1902976036071777,10.89090347290039,4.178078860150539,1.5260762258867944,model.layers.23.mlp.down_proj,4096,15068.806640625,4096,33.579654693603516,448.7481118587979,33.579654693603516,0.09764431416988373,45088768
AIRLab-POLIMI/llama-2-7b-chat-hf-btgenbot-adapter,True,meta-llama/Llama-2-7b-chat-hf,0.03555774688720703,4096,4096,2.9955806732177734,6.533416498744409,1.1221626996994019,6.665860176086426,3.9003315441577695,2.181018377223801,model.layers.24.self_attn.q_proj,4076,7949.3486328125,4086,151.71145629882812,52.39781376269014,151.71145629882812,1.1956237358390354e-05,16777216
AIRLab-POLIMI/llama-2-7b-chat-hf-btgenbot-adapter,True,meta-llama/Llama-2-7b-chat-hf,0.03807114064693451,4096,4096,3.083677053451538,6.8946430132345915,1.1232463121414185,6.9770355224609375,3.9049505410847467,2.2358511911996315,model.layers.24.self_attn.k_proj,4074,8034.34619140625,4085,172.12786865234375,46.67661462557041,172.12786865234375,1.058282759913709e-05,16777216
AIRLab-POLIMI/llama-2-7b-chat-hf-btgenbot-adapter,True,meta-llama/Llama-2-7b-chat-hf,0.061148256063461304,4096,4096,4.770964622497559,4.795638074144714,1.1591901779174805,6.270864009857178,3.761393843564019,1.0051715855386576,model.layers.24.self_attn.v_proj,4087,5772.8974609375,4087,10.119791984558105,570.4561387967681,10.119791984558105,1.4517396266455762e-05,16777216
AIRLab-POLIMI/llama-2-7b-chat-hf-btgenbot-adapter,True,meta-llama/Llama-2-7b-chat-hf,0.05960339307785034,4096,4096,8.708244323730469,14.308805949009885,1.164683222770691,14.308807373046875,3.7463169083594146,1.6431332674047239,model.layers.24.self_attn.o_proj,4088,5575.9248046875,4088,43.9676513671875,126.81880044310809,43.9676513671875,1.2545120625873096e-05,16777216
AIRLab-POLIMI/llama-2-7b-chat-hf-btgenbot-adapter,True,meta-llama/Llama-2-7b-chat-hf,0.015575528144836426,11008,4096,4.27757453918457,8.863234152966662,1.1828651428222656,8.892075538635254,4.250678302486487,2.072023309418765,model.layers.24.mlp.gate_proj,4096,17810.58984375,4096,118.03839874267578,150.88810110493927,118.03839874267578,0.05680166929960251,45088768
AIRLab-POLIMI/llama-2-7b-chat-hf-btgenbot-adapter,True,meta-llama/Llama-2-7b-chat-hf,0.029420971870422363,11008,4096,8.231170654296875,11.030530388789138,1.1891179084777832,11.516508102416992,4.185314849039288,1.340092539939131,model.layers.24.mlp.up_proj,4096,15321.978515625,4096,21.882278442382812,700.200326760697,21.882278442382812,0.057438768446445465,45088768
AIRLab-POLIMI/llama-2-7b-chat-hf-btgenbot-adapter,True,meta-llama/Llama-2-7b-chat-hf,0.01846688985824585,4096,11008,6.539063453674316,9.733942241822614,1.1895052194595337,9.919088363647461,4.181153684823657,1.4885835427018357,model.layers.24.mlp.down_proj,4096,15175.873046875,4096,30.80232810974121,492.68590974055763,30.80232810974121,0.09088601917028427,45088768
AIRLab-POLIMI/llama-2-7b-chat-hf-btgenbot-adapter,True,meta-llama/Llama-2-7b-chat-hf,0.01839679479598999,4096,4096,3.5809433460235596,7.664989061567452,1.138630986213684,7.690785884857178,3.9074159273429454,2.140494367239571,model.layers.25.self_attn.q_proj,4079,8080.0849609375,4085,138.19564819335938,58.468447209220926,138.19564819335938,1.130678447225364e-05,16777216
AIRLab-POLIMI/llama-2-7b-chat-hf-btgenbot-adapter,True,meta-llama/Llama-2-7b-chat-hf,0.033090174198150635,4096,4096,3.829730272293091,8.324227874467237,1.141500473022461,8.333548545837402,3.9102345019720213,2.1735807178616313,model.layers.25.self_attn.k_proj,4080,8132.6953125,4087,149.13539123535156,54.532296091044806,149.13539123535156,1.1685392564686481e-05,16777216
AIRLab-POLIMI/llama-2-7b-chat-hf-btgenbot-adapter,True,meta-llama/Llama-2-7b-chat-hf,0.048027172684669495,4096,4096,7.593861103057861,7.582221938102999,1.1620479822158813,8.619975090026855,3.793355823773876,0.9984672928834352,model.layers.25.self_attn.v_proj,4088,6213.779296875,4088,9.964770317077637,623.5747638082352,9.964770317077637,1.0274574378854595e-05,16777216
AIRLab-POLIMI/llama-2-7b-chat-hf-btgenbot-adapter,True,meta-llama/Llama-2-7b-chat-hf,0.03562861680984497,4096,4096,8.318902015686035,11.353231024447734,1.1628514528274536,11.35457706451416,3.7810678333682723,1.3647511418021512,model.layers.25.self_attn.o_proj,4089,6040.4296875,4089,23.16067123413086,260.80546744251893,23.16067123413086,1.0158458280784544e-05,16777216
AIRLab-POLIMI/llama-2-7b-chat-hf-btgenbot-adapter,True,meta-llama/Llama-2-7b-chat-hf,0.017051249742507935,11008,4096,4.541268825531006,9.39328970781563,1.1840792894363403,9.409566879272461,4.252297914057672,2.0684284654118184,model.layers.25.mlp.gate_proj,4096,17877.134765625,4096,117.06537628173828,152.71069323350187,117.06537628173828,0.06270889192819595,45088768
AIRLab-POLIMI/llama-2-7b-chat-hf-btgenbot-adapter,True,meta-llama/Llama-2-7b-chat-hf,0.03236722946166992,11008,4096,8.874252319335938,12.276173115175808,1.1898388862609863,12.422987937927246,4.188989530171005,1.383347314615733,model.layers.25.mlp.up_proj,4096,15452.171875,4096,24.173933029174805,639.2080203230162,24.173933029174805,0.06976218521595001,45088768
AIRLab-POLIMI/llama-2-7b-chat-hf-btgenbot-adapter,True,meta-llama/Llama-2-7b-chat-hf,0.020453572273254395,4096,11008,5.177857875823975,7.465129338224942,1.187732458114624,8.301615715026855,4.18541844373864,1.4417408737849886,model.layers.25.mlp.down_proj,4096,15325.6337890625,4096,27.652912139892578,554.214099098571,27.652912139892578,0.09097171574831009,45088768
AIRLab-POLIMI/llama-2-7b-chat-hf-btgenbot-adapter,True,meta-llama/Llama-2-7b-chat-hf,0.022676855325698853,4096,4096,3.0847744941711426,6.829046922782637,1.126771092414856,6.89478063583374,3.893580811664612,2.2137912951778196,model.layers.26.self_attn.q_proj,4074,7826.73828125,4084,163.60301208496094,47.83981774849894,163.60301208496094,1.2118390259274747e-05,16777216
AIRLab-POLIMI/llama-2-7b-chat-hf-btgenbot-adapter,True,meta-llama/Llama-2-7b-chat-hf,0.03517007827758789,4096,4096,3.232989549636841,7.246865954281902,1.1292616128921509,7.2914886474609375,3.900408204587224,2.241537079851043,model.layers.26.self_attn.k_proj,4075,7950.751953125,4086,174.39622497558594,45.59016087784034,174.39622497558594,1.0795695743581746e-05,16777216
AIRLab-POLIMI/llama-2-7b-chat-hf-btgenbot-adapter,True,meta-llama/Llama-2-7b-chat-hf,0.02654320001602173,4096,4096,5.174442291259766,5.775437071471035,1.1587187051773071,7.022138595581055,3.8072337485911207,1.1161467741608442,model.layers.26.self_attn.v_proj,4088,6415.5478515625,4088,13.066123962402344,491.0061981673511,13.066123962402344,1.243772294401424e-05,16777216
AIRLab-POLIMI/llama-2-7b-chat-hf-btgenbot-adapter,True,meta-llama/Llama-2-7b-chat-hf,0.039154887199401855,4096,4096,7.264039039611816,12.104637769867953,1.1616301536560059,12.10469913482666,3.8013037331659603,1.666378402409414,model.layers.26.self_attn.o_proj,4087,6328.54296875,4087,46.38508987426758,136.4348540857479,46.38508987426758,1.1579541023820639e-05,16777216
AIRLab-POLIMI/llama-2-7b-chat-hf-btgenbot-adapter,True,meta-llama/Llama-2-7b-chat-hf,0.01165771484375,11008,4096,4.770089149475098,10.026751979174833,1.1845036745071411,10.03719425201416,4.254906008784527,2.1020051544064287,model.layers.26.mlp.gate_proj,4096,17984.81640625,4096,126.47513580322266,142.20041189939357,126.47513580322266,0.08547326177358627,45088768
AIRLab-POLIMI/llama-2-7b-chat-hf-btgenbot-adapter,True,meta-llama/Llama-2-7b-chat-hf,0.02942788600921631,11008,4096,8.433972358703613,12.92405677438169,1.1902412176132202,12.935358047485352,4.192146836177345,1.532380736468082,model.layers.26.mlp.up_proj,4096,15564.91796875,4096,34.070674896240234,456.8420794760253,34.070674896240234,0.06639622896909714,45088768
AIRLab-POLIMI/llama-2-7b-chat-hf-btgenbot-adapter,True,meta-llama/Llama-2-7b-chat-hf,0.019123315811157227,4096,11008,4.862555503845215,6.755046134225024,1.1872059106826782,7.96327018737793,4.18805648349873,1.3891967153656681,model.layers.26.mlp.down_proj,4096,15419.009765625,4096,24.501728057861328,629.3029507638275,24.501728057861328,0.10065821558237076,45088768
AIRLab-POLIMI/llama-2-7b-chat-hf-btgenbot-adapter,True,meta-llama/Llama-2-7b-chat-hf,0.02224212884902954,4096,4096,3.9524879455566406,8.814180506251024,1.1434311866760254,8.819783210754395,3.9252432805791546,2.230033494766218,model.layers.27.self_attn.q_proj,4079,8418.666015625,4088,169.83746337890625,49.56895756764226,169.83746337890625,1.194551441585645e-05,16777216
AIRLab-POLIMI/llama-2-7b-chat-hf-btgenbot-adapter,True,meta-llama/Llama-2-7b-chat-hf,0.0341385155916214,4096,4096,3.3488643169403076,7.652102891696068,1.1453099250793457,7.662871360778809,3.9335683961102816,2.2849844506950396,model.layers.27.self_attn.k_proj,4078,8581.6025390625,4087,192.74559020996094,44.52295136669233,192.74559020996094,1.2997470548725687e-05,16777216
AIRLab-POLIMI/llama-2-7b-chat-hf-btgenbot-adapter,True,meta-llama/Llama-2-7b-chat-hf,0.022523418068885803,4096,4096,8.991785049438477,9.306212522128382,1.16464364528656,9.763812065124512,3.808779891361028,1.0349683039531223,model.layers.27.self_attn.v_proj,4089,6438.4287109375,4089,10.838478088378906,594.0343891861376,10.838478088378906,1.0059005944640376e-05,16777216
AIRLab-POLIMI/llama-2-7b-chat-hf-btgenbot-adapter,True,meta-llama/Llama-2-7b-chat-hf,0.060186803340911865,4096,4096,8.689064025878906,13.031975965026827,1.1630231142044067,13.032369613647461,3.807212825069498,1.499813550252742,model.layers.27.self_attn.o_proj,4089,6415.23876953125,4089,31.609203338623047,202.95477556982647,31.609203338623047,1.1670517778838985e-05,16777216
AIRLab-POLIMI/llama-2-7b-chat-hf-btgenbot-adapter,True,meta-llama/Llama-2-7b-chat-hf,0.012553811073303223,11008,4096,4.948797225952148,10.567163657704517,1.1849976778030396,10.575956344604492,4.255891649478312,2.1352993818960515,model.layers.27.mlp.gate_proj,4096,18025.6796875,4096,136.5524139404297,132.0055732984963,136.5524139404297,0.05818883329629898,45088768
AIRLab-POLIMI/llama-2-7b-chat-hf-btgenbot-adapter,True,meta-llama/Llama-2-7b-chat-hf,0.035315513610839844,11008,4096,7.680055141448975,12.959612652655704,1.1903765201568604,12.961780548095703,4.196472532956842,1.6874374485559553,model.layers.27.mlp.up_proj,4096,15720.7236328125,4096,48.68973922729492,322.87549455593796,48.68973922729492,0.06559749692678452,45088768
AIRLab-POLIMI/llama-2-7b-chat-hf-btgenbot-adapter,True,meta-llama/Llama-2-7b-chat-hf,0.020433932542800903,4096,11008,4.536648750305176,6.428634328418383,1.1862661838531494,7.733179092407227,4.19260942732975,1.4170447575395682,model.layers.27.mlp.down_proj,4096,15581.505859375,4096,26.124305725097656,596.4371272996482,26.124305725097656,0.1092933788895607,45088768
AIRLab-POLIMI/llama-2-7b-chat-hf-btgenbot-adapter,True,meta-llama/Llama-2-7b-chat-hf,0.013469278812408447,4096,4096,3.6031079292297363,7.943371922034523,1.137986183166504,7.960504531860352,3.900527649454733,2.2045889487780728,model.layers.28.self_attn.q_proj,4077,7952.93896484375,4086,160.17286682128906,49.6522233925996,160.17286682128906,1.0940749234578107e-05,16777216
AIRLab-POLIMI/llama-2-7b-chat-hf-btgenbot-adapter,True,meta-llama/Llama-2-7b-chat-hf,0.028164386749267578,4096,4096,3.4586093425750732,7.797838229165052,1.1410466432571411,7.809505939483643,3.9107730804477177,2.254616655652485,model.layers.28.self_attn.k_proj,4078,8142.787109375,4087,179.72837829589844,45.306073456964064,179.72837829589844,1.2152400813647546e-05,16777216
AIRLab-POLIMI/llama-2-7b-chat-hf-btgenbot-adapter,True,meta-llama/Llama-2-7b-chat-hf,0.021253883838653564,4096,4096,9.623282432556152,10.850495701149615,1.1638514995574951,10.994150161743164,3.835693202859266,1.1275254339872356,model.layers.28.self_attn.v_proj,4088,6850.04150390625,4088,13.412984848022461,510.7022472269611,13.412984848022461,1.2187395441287663e-05,16777216
AIRLab-POLIMI/llama-2-7b-chat-hf-btgenbot-adapter,True,meta-llama/Llama-2-7b-chat-hf,0.038421571254730225,4096,4096,7.478591442108154,11.68786967071382,1.1612545251846313,11.688492774963379,3.8318559387687148,1.5628437201296164,model.layers.28.self_attn.o_proj,4089,6789.78369140625,4089,36.54632568359375,185.78567241451296,36.54632568359375,1.0342193490942009e-05,16777216
AIRLab-POLIMI/llama-2-7b-chat-hf-btgenbot-adapter,True,meta-llama/Llama-2-7b-chat-hf,0.018827974796295166,11008,4096,4.779628753662109,10.219784145717759,1.1845301389694214,10.24098014831543,4.25218839063651,2.1381962224341065,model.layers.28.mlp.gate_proj,4096,17872.626953125,4096,137.46629333496094,130.01461317921175,137.46629333496094,0.06020691245794296,45088768
AIRLab-POLIMI/llama-2-7b-chat-hf-btgenbot-adapter,True,meta-llama/Llama-2-7b-chat-hf,0.03620719909667969,11008,4096,6.574427127838135,12.549524246142362,1.1895149946212769,12.550085067749023,4.204931670316549,1.9088392041040105,model.layers.28.mlp.up_proj,4096,16029.931640625,4096,81.06608581542969,197.7390604145087,81.06608581542969,0.06682190299034119,45088768
AIRLab-POLIMI/llama-2-7b-chat-hf-btgenbot-adapter,True,meta-llama/Llama-2-7b-chat-hf,0.014280319213867188,4096,11008,5.649677753448486,7.797637206821001,1.188706874847412,8.811399459838867,4.197862297429529,1.3801914988976902,model.layers.28.mlp.down_proj,4096,15771.111328125,4096,23.99890899658203,657.1595121416207,23.99890899658203,0.12280862778425217,45088768
AIRLab-POLIMI/llama-2-7b-chat-hf-btgenbot-adapter,True,meta-llama/Llama-2-7b-chat-hf,0.02298593521118164,4096,4096,3.0265846252441406,6.7707105550562225,1.1234309673309326,6.853549003601074,3.8780091882558025,2.237079544574129,model.layers.29.self_attn.q_proj,4076,7551.08203125,4087,172.6154022216797,43.74512317013632,172.6154022216797,1.1084758625656832e-05,16777216
AIRLab-POLIMI/llama-2-7b-chat-hf-btgenbot-adapter,True,meta-llama/Llama-2-7b-chat-hf,0.029967904090881348,4096,4096,3.2353622913360596,7.427903688347914,1.127561330795288,7.453932285308838,3.885491279271535,2.2958491258425724,model.layers.29.self_attn.k_proj,4074,7682.30029296875,4086,197.6282958984375,38.87247146489962,197.6282958984375,1.2156150660302956e-05,16777216
AIRLab-POLIMI/llama-2-7b-chat-hf-btgenbot-adapter,True,meta-llama/Llama-2-7b-chat-hf,0.01761031150817871,4096,4096,7.430645942687988,10.062739989542353,1.1620806455612183,10.08355712890625,3.839258077556077,1.3542214320471608,model.layers.29.self_attn.v_proj,4089,6906.5009765625,4089,22.605880737304688,305.5178896509549,22.605880737304688,1.286270980926929e-05,16777216
AIRLab-POLIMI/llama-2-7b-chat-hf-btgenbot-adapter,True,meta-llama/Llama-2-7b-chat-hf,0.06572026014328003,4096,4096,6.4779767990112305,10.786363756971774,1.162437915802002,10.788049697875977,3.8421761637073564,1.6650821840884267,model.layers.29.self_attn.o_proj,4089,6953.06298828125,4089,46.24685287475586,150.3467275300072,46.24685287475586,1.3110449799569324e-05,16777216
AIRLab-POLIMI/llama-2-7b-chat-hf-btgenbot-adapter,True,meta-llama/Llama-2-7b-chat-hf,0.02664119005203247,11008,4096,4.651461601257324,10.149066239486837,1.1838890314102173,10.181571006774902,4.254451961902418,2.1819090663337883,model.layers.29.mlp.gate_proj,4096,17966.0234375,4096,152.02291870117188,118.17970336969664,152.02291870117188,0.06853485107421875,45088768
AIRLab-POLIMI/llama-2-7b-chat-hf-btgenbot-adapter,True,meta-llama/Llama-2-7b-chat-hf,0.038540780544281006,11008,4096,5.613288879394531,11.783907923282758,1.1875462532043457,11.786598205566406,4.212837030383475,2.0992876326995327,model.layers.29.mlp.up_proj,4096,16324.392578125,4096,125.68621063232422,129.88212864400467,125.68621063232422,0.07152268290519714,45088768
AIRLab-POLIMI/llama-2-7b-chat-hf-btgenbot-adapter,True,meta-llama/Llama-2-7b-chat-hf,0.034502238035202026,4096,11008,6.9262003898620605,8.890880467228829,1.1900924444198608,9.957405090332031,4.200796465380408,1.2836591445206362,model.layers.29.mlp.down_proj,4096,15878.0244140625,4096,19.215829849243164,826.2991782625445,19.215829849243164,0.14746513962745667,45088768
AIRLab-POLIMI/llama-2-7b-chat-hf-btgenbot-adapter,True,meta-llama/Llama-2-7b-chat-hf,0.014716923236846924,4096,4096,3.2153615951538086,7.156845519472731,1.1346447467803955,7.2115020751953125,3.883507256976812,2.225829135441415,model.layers.30.self_attn.q_proj,4079,7647.28466796875,4086,168.2012176513672,45.46509695202906,168.2012176513672,1.1439127774792723e-05,16777216
AIRLab-POLIMI/llama-2-7b-chat-hf-btgenbot-adapter,True,meta-llama/Llama-2-7b-chat-hf,0.026497691869735718,4096,4096,3.3026018142700195,7.500787302678194,1.138824462890625,7.517613410949707,3.8949372398618824,2.27117518989679,model.layers.30.self_attn.k_proj,4078,7851.2216796875,4087,186.71327209472656,42.04961753176434,186.71327209472656,1.1920530596398748e-05,16777216
AIRLab-POLIMI/llama-2-7b-chat-hf-btgenbot-adapter,True,meta-llama/Llama-2-7b-chat-hf,0.03382295370101929,4096,4096,10.320547103881836,11.831804472562819,1.1651086807250977,11.940778732299805,3.8594371871929476,1.1464319045753455,model.layers.30.self_attn.v_proj,4090,7234.9775390625,4090,14.009799003601074,516.4226508319515,14.009799003601074,1.040530241880333e-05,16777216
AIRLab-POLIMI/llama-2-7b-chat-hf-btgenbot-adapter,True,meta-llama/Llama-2-7b-chat-hf,0.06118267774581909,4096,4096,7.389303684234619,12.31758280667558,1.1630094051361084,12.318137168884277,3.8636754592066396,1.666947703469766,model.layers.30.self_attn.o_proj,4089,7305.92919921875,4089,46.4459342956543,157.29964979738446,46.4459342956543,1.2122871339670382e-05,16777216
AIRLab-POLIMI/llama-2-7b-chat-hf-btgenbot-adapter,True,meta-llama/Llama-2-7b-chat-hf,0.03796720504760742,11008,4096,4.305541038513184,11.13143091061319,1.1759694814682007,11.138348579406738,4.274199356476772,2.5853733156976633,model.layers.30.mlp.gate_proj,4096,18801.796875,4096,384.9225158691406,48.845666594863246,384.9225158691406,0.07137586921453476,45088768
AIRLab-POLIMI/llama-2-7b-chat-hf-btgenbot-adapter,True,meta-llama/Llama-2-7b-chat-hf,0.04066359996795654,11008,4096,4.715300559997559,12.208876194970868,1.1768219470977783,12.217082023620605,4.227241569812569,2.5892042383353795,model.layers.30.mlp.up_proj,4096,16874.9140625,4096,388.33294677734375,43.45475757990597,388.33294677734375,0.08501677215099335,45088768
AIRLab-POLIMI/llama-2-7b-chat-hf-btgenbot-adapter,True,meta-llama/Llama-2-7b-chat-hf,0.015871822834014893,4096,11008,7.440502643585205,9.706675358704913,1.190649390220642,10.510307312011719,4.195619537673083,1.304572530066027,model.layers.30.mlp.down_proj,4096,15689.876953125,4096,20.163806915283203,778.1207695077075,20.163806915283203,0.22251096367835999,45088768
AIRLab-POLIMI/llama-2-7b-chat-hf-btgenbot-adapter,True,meta-llama/Llama-2-7b-chat-hf,0.011060431599617004,4096,4096,2.66770601272583,6.257704696688777,1.1075626611709595,6.392994403839111,3.893783048569735,2.3457250037438455,model.layers.31.self_attn.q_proj,4067,7830.3837890625,4081,221.67922973632812,35.32303769900406,221.67922973632812,1.2480037185014226e-05,16777216
AIRLab-POLIMI/llama-2-7b-chat-hf-btgenbot-adapter,True,meta-llama/Llama-2-7b-chat-hf,0.012221872806549072,4096,4096,2.866421699523926,6.949662579215928,1.1120198965072632,7.010441303253174,3.9246790834868963,2.424508082802392,model.layers.31.self_attn.k_proj,4065,8407.736328125,4082,265.77130126953125,31.635230320064984,265.77130126953125,1.0101995940203778e-05,16777216
AIRLab-POLIMI/llama-2-7b-chat-hf-btgenbot-adapter,True,meta-llama/Llama-2-7b-chat-hf,0.026904642581939697,4096,4096,6.697369575500488,8.035499961506636,1.1606577634811401,8.414374351501465,3.779439356850693,1.1997993945117102,model.layers.31.self_attn.v_proj,4089,6017.822265625,4089,15.841612815856934,379.87434332452295,15.841612815856934,1.0212512279395014e-05,16777216
AIRLab-POLIMI/llama-2-7b-chat-hf-btgenbot-adapter,True,meta-llama/Llama-2-7b-chat-hf,0.05614328384399414,4096,4096,2.9059641361236572,5.925813419082344,1.1510027647018433,6.0127058029174805,3.7881470957605847,2.039190141894505,model.layers.31.self_attn.o_proj,4081,6139.69921875,4087,109.44354248046875,56.09923691793591,109.44354248046875,1.2116730431444012e-05,16777216
AIRLab-POLIMI/llama-2-7b-chat-hf-btgenbot-adapter,True,meta-llama/Llama-2-7b-chat-hf,0.039383113384246826,11008,4096,2.66526460647583,6.936962053744688,1.1714589595794678,7.0567545890808105,4.310941447641878,2.6027292137860742,model.layers.31.mlp.gate_proj,4096,20461.6875,4096,400.6168518066406,51.07545378514411,400.6168518066406,0.15618735551834106,45088768
AIRLab-POLIMI/llama-2-7b-chat-hf-btgenbot-adapter,True,meta-llama/Llama-2-7b-chat-hf,0.03159207105636597,11008,4096,2.7376418113708496,7.075689506099828,1.1717115640640259,7.159073352813721,4.259934204505469,2.584592869933098,model.layers.31.mlp.up_proj,4096,18194.251953125,4096,384.2314147949219,47.35232792674156,384.2314147949219,0.3383566737174988,45088768
AIRLab-POLIMI/llama-2-7b-chat-hf-btgenbot-adapter,True,meta-llama/Llama-2-7b-chat-hf,0.03466439247131348,4096,11008,4.980828285217285,8.877944758102771,1.1864410638809204,9.034897804260254,4.194464176801929,1.7824233741307298,model.layers.31.mlp.down_proj,4096,15648.1923828125,4096,60.5931282043457,258.2502809566155,60.5931282043457,0.255298376083374,45088768
AIRLab-POLIMI/llama-2-7b-chat-hf-btgenbot-adapter,True,meta-llama/Llama-2-7b-chat-hf,0.040287673473358154,32000,4096,5.6500020027160645,18.75724011407898,1.172753095626831,18.75724220275879,4.5665415233156,3.319864330147496,lm_head,4096,36858.828125,4096,2088.6435546875,17.647256298126354,2088.6435546875,0.5651757121086121,131072000
