model_id,is_adapter,source_model,D,M,N,alpha,alpha_weighted,entropy,log_alpha_norm,log_norm,log_spectral_norm,longname,matrix_rank,norm,num_evals,spectral_norm,stable_rank,xmax,xmin,params
Alphatao/6d2adfd1-9d48-4aec-a495-4833d2a99abc,True,NousResearch/Hermes-2-Pro-Mistral-7B,0.024334251880645752,4096,4096,1.5122356414794922,2.625833047544313,0.6076318621635437,3.1321136951446533,2.4868506724226527,1.7363914561459055,model.layers.0.self_attn.q_proj,2224,306.79669189453125,2271,54.499366760253906,5.629362506983777,54.499366760253906,1.0057875442726072e-05,16777216
Alphatao/6d2adfd1-9d48-4aec-a495-4833d2a99abc,True,NousResearch/Hermes-2-Pro-Mistral-7B,0.034342557191848755,1024,4096,1.5002162456512451,2.2737998262191006,0.574255108833313,2.561951160430908,2.108252956206627,1.5156480492797506,model.layers.0.self_attn.k_proj,1018,128.30776977539062,1018,32.78295135498047,3.913856577037497,32.78295135498047,1.0341693268856034e-05,4194304
Alphatao/6d2adfd1-9d48-4aec-a495-4833d2a99abc,True,NousResearch/Hermes-2-Pro-Mistral-7B,0.045970618724823,1024,4096,3.4752938747406006,2.295931708479024,0.928347647190094,2.3005971908569336,1.7182532962774981,0.6606439027117943,model.layers.0.self_attn.v_proj,1024,52.27009582519531,1024,4.577663898468018,11.418508869270255,4.577663898468018,0.0015902433078736067,4194304
Alphatao/6d2adfd1-9d48-4aec-a495-4833d2a99abc,True,NousResearch/Hermes-2-Pro-Mistral-7B,0.035716891288757324,4096,4096,3.4067955017089844,-0.31370562290068266,1.088080644607544,0.14997361600399017,1.831135236922327,-0.09208231687030097,model.layers.0.self_attn.o_proj,3945,67.7852554321289,3945,0.8089425563812256,83.79489358968048,0.8089425563812256,1.0059994565381203e-05,16777216
Alphatao/6d2adfd1-9d48-4aec-a495-4833d2a99abc,True,NousResearch/Hermes-2-Pro-Mistral-7B,0.02006116509437561,14336,4096,2.381847381591797,1.4249950501408666,1.1346979141235352,2.6213178634643555,2.782711517205914,0.5982730300664929,model.layers.0.mlp.gate_proj,4096,606.3334350585938,4096,3.9652724266052246,152.91091502070944,3.9652724266052246,0.00040555334999226034,58720256
Alphatao/6d2adfd1-9d48-4aec-a495-4833d2a99abc,True,NousResearch/Hermes-2-Pro-Mistral-7B,0.04760187864303589,14336,4096,3.259739875793457,0.656358651655699,1.163610816001892,1.9375067949295044,2.7326680721072787,0.2013530762162223,model.layers.0.mlp.up_proj,4096,540.3411865234375,4096,1.5898387432098389,339.8716937999033,1.5898387432098389,0.0003600476775318384,58720256
Alphatao/6d2adfd1-9d48-4aec-a495-4833d2a99abc,True,NousResearch/Hermes-2-Pro-Mistral-7B,0.022243618965148926,4096,14336,4.058412075042725,0.912281583577469,1.1869561672210693,1.5039541721343994,2.7229341336325468,0.2247878152116589,model.layers.0.mlp.down_proj,4096,528.3651123046875,4096,1.6779839992523193,314.88090025895235,1.6779839992523193,0.010798148810863495,58720256
Alphatao/6d2adfd1-9d48-4aec-a495-4833d2a99abc,True,NousResearch/Hermes-2-Pro-Mistral-7B,0.05269402265548706,4096,4096,2.9716339111328125,2.6954380166469565,0.9489179253578186,3.150723934173584,2.437237625649586,0.9070558814626773,model.layers.1.self_attn.q_proj,3097,273.67657470703125,3097,8.073389053344727,33.89859858093296,8.073389053344727,1.563053228892386e-05,16777216
Alphatao/6d2adfd1-9d48-4aec-a495-4833d2a99abc,True,NousResearch/Hermes-2-Pro-Mistral-7B,0.04016143083572388,1024,4096,2.9756603240966797,1.7731181479359024,0.8411095142364502,2.1958396434783936,2.0090536438812157,0.5958738413713828,model.layers.1.self_attn.k_proj,1011,102.10655975341797,1011,3.943427324295044,25.89284684526836,3.943427324295044,1.0074494639411569e-05,4194304
Alphatao/6d2adfd1-9d48-4aec-a495-4833d2a99abc,True,NousResearch/Hermes-2-Pro-Mistral-7B,0.08247113227844238,1024,4096,5.170634746551514,1.2597708033034059,0.9935173392295837,1.2598390579223633,1.638164498143625,0.24363948819699424,model.layers.1.self_attn.v_proj,1024,43.46748352050781,1024,1.752425193786621,24.804187747714213,1.752425193786621,0.0038183254655450583,4194304
Alphatao/6d2adfd1-9d48-4aec-a495-4833d2a99abc,True,NousResearch/Hermes-2-Pro-Mistral-7B,0.02466583251953125,4096,4096,3.610525369644165,0.09940896758585174,1.1382369995117188,0.21092024445533752,2.015851076511578,0.02753310319369089,model.layers.1.self_attn.o_proj,4022,103.71726989746094,4022,1.0654500722885132,97.34596917777986,1.0654500722885132,1.0092976481246296e-05,16777216
Alphatao/6d2adfd1-9d48-4aec-a495-4833d2a99abc,True,NousResearch/Hermes-2-Pro-Mistral-7B,0.019471049308776855,14336,4096,2.697138547897339,2.03268942403873,1.1590129137039185,2.4838438034057617,2.7772382659260617,0.7536466473416404,model.layers.1.mlp.gate_proj,4096,598.739990234375,4096,5.670830249786377,105.58242159636674,5.670830249786377,0.00047817520680837333,58720256
Alphatao/6d2adfd1-9d48-4aec-a495-4833d2a99abc,True,NousResearch/Hermes-2-Pro-Mistral-7B,0.05806717276573181,14336,4096,3.425428628921509,0.09228680506184889,1.178511381149292,1.5212633609771729,2.724340782459873,0.026941680898750837,model.layers.1.mlp.up_proj,4096,530.0792236328125,4096,1.064000129699707,498.1946983243478,1.064000129699707,0.0004209150793030858,58720256
Alphatao/6d2adfd1-9d48-4aec-a495-4833d2a99abc,True,NousResearch/Hermes-2-Pro-Mistral-7B,0.0387420654296875,4096,14336,13.093071937561035,5.319373687727503,1.1679813861846924,5.395673751831055,3.142054559088168,0.4062739220478453,model.layers.1.mlp.down_proj,4096,1386.9300537109375,4096,2.5484371185302734,544.2276929755297,2.5484371185302734,0.010896751657128334,58720256
Alphatao/6d2adfd1-9d48-4aec-a495-4833d2a99abc,True,NousResearch/Hermes-2-Pro-Mistral-7B,0.02676844596862793,4096,4096,3.8354949951171875,1.9237262860717408,1.1158488988876343,2.1005077362060547,2.498605987874927,0.5015588049315038,model.layers.2.self_attn.q_proj,4000,315.21435546875,4000,3.1736483573913574,99.32239491329362,3.1736483573913574,1.0012809070758522e-05,16777216
Alphatao/6d2adfd1-9d48-4aec-a495-4833d2a99abc,True,NousResearch/Hermes-2-Pro-Mistral-7B,0.03383713960647583,1024,4096,5.745615005493164,1.1807821196190162,0.9879484176635742,1.2172844409942627,2.1127840520580365,0.20551013572787516,model.layers.2.self_attn.k_proj,1024,129.6534423828125,1024,1.6051297187805176,80.77443266162656,1.6051297187805176,0.00012183939543319866,4194304
Alphatao/6d2adfd1-9d48-4aec-a495-4833d2a99abc,True,NousResearch/Hermes-2-Pro-Mistral-7B,0.07313463091850281,1024,4096,10.543802261352539,-11.76724862527046,1.0211838483810425,-10.960929870605469,1.3533736717137144,-1.1160346460974866,model.layers.2.self_attn.v_proj,1024,22.561796188354492,1024,0.07655355334281921,294.71912410543655,0.07655355334281921,0.0024290592409670353,4194304
Alphatao/6d2adfd1-9d48-4aec-a495-4833d2a99abc,True,NousResearch/Hermes-2-Pro-Mistral-7B,0.01950719952583313,4096,4096,4.076936721801758,-0.23464618401568246,1.1368904113769531,-0.15995517373085022,1.9572276176719685,-0.05755453175441564,model.layers.2.self_attn.o_proj,4016,90.62074279785156,4016,0.8758817315101624,103.46230494110966,0.8758817315101624,1.0012754501076415e-05,16777216
Alphatao/6d2adfd1-9d48-4aec-a495-4833d2a99abc,True,NousResearch/Hermes-2-Pro-Mistral-7B,0.029986977577209473,14336,4096,3.9636940956115723,2.1863371950421686,1.1832048892974854,2.29980206489563,2.7697433592686256,0.5515907994672912,model.layers.2.mlp.gate_proj,4096,588.4957885742188,4096,3.561154365539551,165.25422044855833,3.561154365539551,0.0006708974833600223,58720256
Alphatao/6d2adfd1-9d48-4aec-a495-4833d2a99abc,True,NousResearch/Hermes-2-Pro-Mistral-7B,0.015168964862823486,14336,4096,9.427295684814453,-1.5960509873395492,1.1922179460525513,-1.2691867351531982,2.716701960634841,-0.16930104249413522,model.layers.2.mlp.up_proj,4096,520.837158203125,4096,0.6771719455718994,769.1357588112377,0.6771719455718994,0.0007178572122938931,58720256
Alphatao/6d2adfd1-9d48-4aec-a495-4833d2a99abc,True,NousResearch/Hermes-2-Pro-Mistral-7B,0.011906921863555908,4096,14336,4.392551422119141,0.18565437817108746,1.1898177862167358,1.0929712057113647,2.7120624469843104,0.04226572675648278,model.layers.2.mlp.down_proj,4096,515.302734375,4096,1.1022135019302368,467.51626020964443,1.1022135019302368,0.010199940763413906,58720256
Alphatao/6d2adfd1-9d48-4aec-a495-4833d2a99abc,True,NousResearch/Hermes-2-Pro-Mistral-7B,0.02884507179260254,4096,4096,2.9166712760925293,2.0298594571403403,1.0947811603546143,2.364835023880005,2.4998373761002313,0.6959507140138697,model.layers.3.self_attn.q_proj,3947,316.109375,3947,4.965359687805176,63.662935794230236,4.965359687805176,1.0232989552605432e-05,16777216
Alphatao/6d2adfd1-9d48-4aec-a495-4833d2a99abc,True,NousResearch/Hermes-2-Pro-Mistral-7B,0.046352505683898926,1024,4096,3.920478582382202,1.5123314109387345,0.9561869502067566,1.7680866718292236,2.136276586017444,0.38575173391708617,model.layers.3.self_attn.k_proj,1024,136.86001586914062,1024,2.430814027786255,56.302133484797764,2.430814027786255,1.1138824447698426e-05,4194304
Alphatao/6d2adfd1-9d48-4aec-a495-4833d2a99abc,True,NousResearch/Hermes-2-Pro-Mistral-7B,0.06734868884086609,1024,4096,7.227728843688965,-7.171626099807182,1.0273598432540894,-6.16062593460083,1.469914163758788,-0.9922378460654663,model.layers.3.self_attn.v_proj,1024,29.50625991821289,1024,0.10180336982011795,289.8357880524893,0.10180336982011795,0.004217107780277729,4194304
Alphatao/6d2adfd1-9d48-4aec-a495-4833d2a99abc,True,NousResearch/Hermes-2-Pro-Mistral-7B,0.02807021141052246,4096,4096,3.9800846576690674,-0.56063810570665,1.1498661041259766,-0.39099642634391785,2.0519765274794763,-0.1408608494360487,model.layers.3.self_attn.o_proj,4035,112.71365356445312,4035,0.7230014204978943,155.89686322722986,0.7230014204978943,1.0356610800954513e-05,16777216
Alphatao/6d2adfd1-9d48-4aec-a495-4833d2a99abc,True,NousResearch/Hermes-2-Pro-Mistral-7B,0.021643102169036865,14336,4096,3.5378339290618896,1.8072065630321108,1.182547688484192,2.112860679626465,2.7704560197903625,0.5108228931230017,model.layers.3.mlp.gate_proj,4096,589.4622802734375,4096,3.2420737743377686,181.8164302549969,3.2420737743377686,0.0012546991929411888,58720256
Alphatao/6d2adfd1-9d48-4aec-a495-4833d2a99abc,True,NousResearch/Hermes-2-Pro-Mistral-7B,0.01923513412475586,14336,4096,9.318732261657715,-1.4790036548438512,1.1939996480941772,-1.2969272136688232,2.710613278639643,-0.15871296795694723,model.layers.3.mlp.up_proj,4096,513.5861206054688,4096,0.6938842535018921,740.161083081947,0.6938842535018921,0.0010555954650044441,58720256
Alphatao/6d2adfd1-9d48-4aec-a495-4833d2a99abc,True,NousResearch/Hermes-2-Pro-Mistral-7B,0.02861320972442627,4096,14336,6.3181071281433105,0.03066153641998388,1.1895569562911987,0.49259936809539795,2.7100371126084966,0.004852962413917525,model.layers.3.mlp.down_proj,4096,512.9052124023438,4096,1.0112370252609253,507.20572881516176,1.0112370252609253,0.009121613577008247,58720256
Alphatao/6d2adfd1-9d48-4aec-a495-4833d2a99abc,True,NousResearch/Hermes-2-Pro-Mistral-7B,0.04791247844696045,4096,4096,4.681445121765137,2.4070903097628027,1.1022483110427856,2.4999237060546875,2.441569243996199,0.5141767653265175,model.layers.4.self_attn.q_proj,4005,276.41986083984375,4005,3.2672078609466553,84.60430820576951,3.2672078609466553,1.0090640898852143e-05,16777216
Alphatao/6d2adfd1-9d48-4aec-a495-4833d2a99abc,True,NousResearch/Hermes-2-Pro-Mistral-7B,0.06380611658096313,1024,4096,4.831585884094238,0.6535745257429623,0.9700005650520325,0.9144391417503357,2.0482038252878656,0.13527122179377046,model.layers.4.self_attn.k_proj,1024,111.73875427246094,1024,1.3654356002807617,81.83377835577537,1.3654356002807617,0.0001720801374176517,4194304
Alphatao/6d2adfd1-9d48-4aec-a495-4833d2a99abc,True,NousResearch/Hermes-2-Pro-Mistral-7B,0.09009939432144165,1024,4096,14.017266273498535,-14.12359381338565,1.0220766067504883,-13.457021713256836,1.4512666226319295,-1.0075854690788133,model.layers.4.self_attn.v_proj,1024,28.26614761352539,1024,0.0982685461640358,287.64186219201645,0.0982685461640358,0.003551527624949813,4194304
Alphatao/6d2adfd1-9d48-4aec-a495-4833d2a99abc,True,NousResearch/Hermes-2-Pro-Mistral-7B,0.04203823208808899,4096,4096,3.4681901931762695,-0.9409266890369576,1.136724829673767,-0.11476889997720718,2.038242045015365,-0.2713019288527627,model.layers.4.self_attn.o_proj,4025,109.20487976074219,4025,0.5354242920875549,203.95951654521593,0.5354242920875549,1.0262945579597726e-05,16777216
Alphatao/6d2adfd1-9d48-4aec-a495-4833d2a99abc,True,NousResearch/Hermes-2-Pro-Mistral-7B,0.02561938762664795,14336,4096,3.222180128097534,2.191206482252985,1.1804368495941162,2.4510114192962646,2.785416040138865,0.6800384817551262,model.layers.4.mlp.gate_proj,4096,610.12109375,4096,4.786725044250488,127.46106954332774,4.786725044250488,0.0025186215061694384,58720256
Alphatao/6d2adfd1-9d48-4aec-a495-4833d2a99abc,True,NousResearch/Hermes-2-Pro-Mistral-7B,0.02761751413345337,14336,4096,7.678317070007324,-1.551854916233981,1.195603609085083,-0.959897518157959,2.699780951179394,-0.2021087306091803,model.layers.4.mlp.up_proj,4096,500.93450927734375,4096,0.6279011368751526,797.7920087393408,0.6279011368751526,0.0019176288042217493,58720256
Alphatao/6d2adfd1-9d48-4aec-a495-4833d2a99abc,True,NousResearch/Hermes-2-Pro-Mistral-7B,0.019553720951080322,4096,14336,5.734175205230713,0.059715538823862636,1.191874623298645,0.4270859658718109,2.698111063395526,0.010413971789594106,model.layers.4.mlp.down_proj,4096,499.0120849609375,4096,1.0242688655853271,487.18857101623684,1.0242688655853271,0.01134656835347414,58720256
Alphatao/6d2adfd1-9d48-4aec-a495-4833d2a99abc,True,NousResearch/Hermes-2-Pro-Mistral-7B,0.034840285778045654,4096,4096,4.522984981536865,2.2312382673206312,1.1162328720092773,2.3144445419311523,2.4605202486979114,0.49331100510585346,model.layers.5.self_attn.q_proj,4027,288.74884033203125,4027,3.113945484161377,92.72764786689731,3.113945484161377,1.0048611329693813e-05,16777216
Alphatao/6d2adfd1-9d48-4aec-a495-4833d2a99abc,True,NousResearch/Hermes-2-Pro-Mistral-7B,0.04746359586715698,1024,4096,5.276788711547852,0.6899187718532869,0.9819799065589905,0.881474494934082,2.0731798751217227,0.13074595356517724,model.layers.5.self_attn.k_proj,1024,118.35316467285156,1024,1.3512818813323975,87.58584445471318,1.3512818813323975,0.000890212832018733,4194304
Alphatao/6d2adfd1-9d48-4aec-a495-4833d2a99abc,True,NousResearch/Hermes-2-Pro-Mistral-7B,0.08001530170440674,1024,4096,5.732332229614258,-6.082109614490416,1.0276196002960205,-4.814629554748535,1.4186764923382291,-1.0610183378885727,model.layers.5.self_attn.v_proj,1024,26.222644805908203,1024,0.08689237385988235,301.78304080163963,0.08689237385988235,0.002821998903527856,4194304
Alphatao/6d2adfd1-9d48-4aec-a495-4833d2a99abc,True,NousResearch/Hermes-2-Pro-Mistral-7B,0.03581473231315613,4096,4096,4.365571975708008,-1.7557427984346001,1.148865818977356,-1.1136797666549683,2.036554471394787,-0.40217932683376595,model.layers.5.self_attn.o_proj,4030,108.78135681152344,4030,0.39611443877220154,274.6210341352431,0.39611443877220154,1.0267664038110524e-05,16777216
Alphatao/6d2adfd1-9d48-4aec-a495-4833d2a99abc,True,NousResearch/Hermes-2-Pro-Mistral-7B,0.014937639236450195,14336,4096,3.2660200595855713,2.5752151448011227,1.1795765161514282,2.66705060005188,2.8020387490524232,0.78848724068397,model.layers.5.mlp.gate_proj,4096,633.92626953125,4096,6.144509792327881,103.16954337395296,6.144509792327881,0.0023052662145346403,58720256
Alphatao/6d2adfd1-9d48-4aec-a495-4833d2a99abc,True,NousResearch/Hermes-2-Pro-Mistral-7B,0.016548633575439453,14336,4096,7.566088676452637,-1.0468119334359158,1.1955269575119019,-0.8381113409996033,2.68800164297656,-0.13835575793524985,model.layers.5.mlp.up_proj,4096,487.53033447265625,4096,0.7271838784217834,670.436115182792,0.7271838784217834,0.002596529433503747,58720256
Alphatao/6d2adfd1-9d48-4aec-a495-4833d2a99abc,True,NousResearch/Hermes-2-Pro-Mistral-7B,0.02219557762145996,4096,14336,4.59301233291626,-0.2787896863975262,1.1900579929351807,0.7100651264190674,2.6867221093020377,-0.060698658350981,model.layers.5.mlp.down_proj,4096,486.0960693359375,4096,0.8695635795593262,559.0115326383371,0.8695635795593262,0.0072206780314445496,58720256
Alphatao/6d2adfd1-9d48-4aec-a495-4833d2a99abc,True,NousResearch/Hermes-2-Pro-Mistral-7B,0.024708077311515808,4096,4096,3.857130765914917,2.0754778303170163,1.111096739768982,2.196993589401245,2.4444819927805357,0.5380885316769161,model.layers.6.self_attn.q_proj,4019,278.2799987792969,4019,3.452141046524048,80.61084267095526,3.452141046524048,1.0034767001343425e-05,16777216
Alphatao/6d2adfd1-9d48-4aec-a495-4833d2a99abc,True,NousResearch/Hermes-2-Pro-Mistral-7B,0.03544165939092636,1024,4096,5.212156772613525,1.164642608236893,0.9762560725212097,1.2409859895706177,2.076565125939899,0.22344734800693797,model.layers.6.self_attn.k_proj,1024,119.27931213378906,1024,1.672812819480896,71.30463776025077,1.672812819480896,0.00044929608702659607,4194304
Alphatao/6d2adfd1-9d48-4aec-a495-4833d2a99abc,True,NousResearch/Hermes-2-Pro-Mistral-7B,0.07781234383583069,1024,4096,4.1818037033081055,-4.162091541877317,1.0230939388275146,-2.711794376373291,1.4363955423682846,-0.9952862059462056,model.layers.6.self_attn.v_proj,1024,27.31464385986328,1024,0.10109130293130875,270.1977624961813,0.10109130293130875,0.0025517065078020096,4194304
Alphatao/6d2adfd1-9d48-4aec-a495-4833d2a99abc,True,NousResearch/Hermes-2-Pro-Mistral-7B,0.03270992636680603,4096,4096,4.083725929260254,-1.8703535693787212,1.1419554948806763,-0.7364506125450134,2.0444852831795175,-0.4580017370846251,model.layers.6.self_attn.o_proj,4026,110.78610229492188,4026,0.3483359217643738,318.0438633310444,0.3483359217643738,1.0103780368808657e-05,16777216
Alphatao/6d2adfd1-9d48-4aec-a495-4833d2a99abc,True,NousResearch/Hermes-2-Pro-Mistral-7B,0.0089263916015625,14336,4096,3.7760274410247803,2.754686911994349,1.1842610836029053,2.792335271835327,2.8029344921555968,0.7295198340101976,model.layers.6.mlp.gate_proj,4096,635.235107421875,4096,5.364383697509766,118.41716462540916,5.364383697509766,0.0016437128651887178,58720256
Alphatao/6d2adfd1-9d48-4aec-a495-4833d2a99abc,True,NousResearch/Hermes-2-Pro-Mistral-7B,0.011010199785232544,14336,4096,6.827331066131592,-0.7406036704907798,1.1953355073928833,-0.44214072823524475,2.695463719607266,-0.10847630843107926,model.layers.6.mlp.up_proj,4096,495.9794921875,4096,0.7789753079414368,636.707591538688,0.7789753079414368,0.0017992404755204916,58720256
Alphatao/6d2adfd1-9d48-4aec-a495-4833d2a99abc,True,NousResearch/Hermes-2-Pro-Mistral-7B,0.012471795082092285,4096,14336,4.353453636169434,0.5079425461709527,1.1877074241638184,1.1839600801467896,2.6932394037646556,0.11667576793533674,model.layers.6.mlp.down_proj,4096,493.44573974609375,4096,1.3082048892974854,377.1930098893587,1.3082048892974854,0.010073532350361347,58720256
Alphatao/6d2adfd1-9d48-4aec-a495-4833d2a99abc,True,NousResearch/Hermes-2-Pro-Mistral-7B,0.05283808708190918,4096,4096,5.198759078979492,2.4473366585663707,1.1029070615768433,2.5405771732330322,2.4323466584179614,0.4707540052128707,model.layers.7.self_attn.q_proj,4025,270.61175537109375,4025,2.9563374519348145,91.5361523407919,2.9563374519348145,1.0159827979805414e-05,16777216
Alphatao/6d2adfd1-9d48-4aec-a495-4833d2a99abc,True,NousResearch/Hermes-2-Pro-Mistral-7B,0.07202708721160889,1024,4096,2.756019115447998,0.4440495367687483,0.9624132513999939,1.385003685951233,2.070513129279821,0.1611199045317822,model.layers.7.self_attn.k_proj,1024,117.62865447998047,1024,1.4491719007492065,81.16956616338454,1.4491719007492065,0.0008969210903160274,4194304
Alphatao/6d2adfd1-9d48-4aec-a495-4833d2a99abc,True,NousResearch/Hermes-2-Pro-Mistral-7B,0.07298898696899414,1024,4096,6.834525108337402,-6.829119827155365,1.023463249206543,-5.784127712249756,1.443825781912229,-0.9992091211757429,model.layers.7.self_attn.v_proj,1024,27.78598403930664,1024,0.10018227249383926,277.3542997940613,0.10018227249383926,0.0027793252374976873,4194304
Alphatao/6d2adfd1-9d48-4aec-a495-4833d2a99abc,True,NousResearch/Hermes-2-Pro-Mistral-7B,0.04352080821990967,4096,4096,3.762146234512329,-1.3196254077281835,1.1360552310943604,-0.3123769164085388,2.058527418999997,-0.3507639856267418,model.layers.7.self_attn.o_proj,4018,114.42671203613281,4018,0.44589850306510925,256.62053415645676,0.44589850306510925,1.0051150638901163e-05,16777216
Alphatao/6d2adfd1-9d48-4aec-a495-4833d2a99abc,True,NousResearch/Hermes-2-Pro-Mistral-7B,0.01741790771484375,14336,4096,3.3764870166778564,2.6627208560315316,1.1807780265808105,2.7263975143432617,2.8094814187777977,0.7886068694709204,model.layers.7.mlp.gate_proj,4096,644.8837280273438,4096,6.146202564239502,104.92393006691249,6.146202564239502,0.005383970681577921,58720256
Alphatao/6d2adfd1-9d48-4aec-a495-4833d2a99abc,True,NousResearch/Hermes-2-Pro-Mistral-7B,0.02417317032814026,14336,4096,6.675891876220703,-0.6234082019291831,1.1937659978866577,-0.299157053232193,2.6934976867214,-0.0933820099977565,model.layers.7.mlp.up_proj,4096,493.7392883300781,4096,0.8065252900123596,612.1807889279105,0.8065252900123596,0.003912869840860367,58720256
Alphatao/6d2adfd1-9d48-4aec-a495-4833d2a99abc,True,NousResearch/Hermes-2-Pro-Mistral-7B,0.025133132934570312,4096,14336,4.545649528503418,0.013088326154031117,1.187830924987793,0.9166474342346191,2.690454205378158,0.0028793082423009056,model.layers.7.mlp.down_proj,4096,490.29132080078125,4096,1.0066518783569336,487.0515133802156,1.0066518783569336,0.007987771183252335,58720256
Alphatao/6d2adfd1-9d48-4aec-a495-4833d2a99abc,True,NousResearch/Hermes-2-Pro-Mistral-7B,0.042640239000320435,4096,4096,4.829190254211426,2.2600064526113464,1.1082817316055298,2.3223321437835693,2.4155382980435127,0.46798869658126363,model.layers.8.self_attn.q_proj,4022,260.33843994140625,4022,2.937573194503784,88.62364363499127,2.937573194503784,1.0156095413549338e-05,16777216
Alphatao/6d2adfd1-9d48-4aec-a495-4833d2a99abc,True,NousResearch/Hermes-2-Pro-Mistral-7B,0.044333577156066895,1024,4096,6.0371527671813965,1.0315685033143276,0.9674011468887329,1.1015654802322388,2.040318809714492,0.1708700347822973,model.layers.8.self_attn.k_proj,1024,109.72834014892578,1024,1.482074499130249,74.03699356093065,1.482074499130249,0.00029042837559245527,4194304
Alphatao/6d2adfd1-9d48-4aec-a495-4833d2a99abc,True,NousResearch/Hermes-2-Pro-Mistral-7B,0.07854980230331421,1024,4096,3.7519776821136475,-3.742831630525777,1.0167574882507324,-2.0791518688201904,1.4444310170911672,-0.9975623384884534,model.layers.8.self_attn.v_proj,1024,27.82473373413086,1024,0.10056287050247192,276.68993133451676,0.10056287050247192,0.0021401471458375454,4194304
Alphatao/6d2adfd1-9d48-4aec-a495-4833d2a99abc,True,NousResearch/Hermes-2-Pro-Mistral-7B,0.03375789523124695,4096,4096,5.39857816696167,-2.1422974306779814,1.1343268156051636,-1.3274812698364258,2.075996822225162,-0.3968262317268012,model.layers.8.self_attn.o_proj,4021,119.12332916259766,4021,0.4010271430015564,297.0455522561358,0.4010271430015564,1.014583722280804e-05,16777216
Alphatao/6d2adfd1-9d48-4aec-a495-4833d2a99abc,True,NousResearch/Hermes-2-Pro-Mistral-7B,0.011223912239074707,14336,4096,3.793757438659668,2.9024886456463466,1.1818928718566895,2.933701992034912,2.8082497220472495,0.7650696420569771,model.layers.8.mlp.gate_proj,4096,643.057373046875,4096,5.82196569442749,110.45365204786059,5.82196569442749,0.0069166189059615135,58720256
Alphatao/6d2adfd1-9d48-4aec-a495-4833d2a99abc,True,NousResearch/Hermes-2-Pro-Mistral-7B,0.01646307110786438,14336,4096,6.15486478805542,-0.44007891065823923,1.1926738023757935,0.021463830024003983,2.702342590852707,-0.0715009875622757,model.layers.8.mlp.up_proj,4096,503.89794921875,4096,0.8482014536857605,594.0781485685037,0.8482014536857605,0.004971962887793779,58720256
Alphatao/6d2adfd1-9d48-4aec-a495-4833d2a99abc,True,NousResearch/Hermes-2-Pro-Mistral-7B,0.041937947273254395,4096,14336,4.21052360534668,0.33328194818583323,1.1868208646774292,1.0405770540237427,2.6982397261253013,0.07915451364828341,model.layers.8.mlp.down_proj,4096,499.1599426269531,4096,1.1999261379241943,415.9922238967743,1.1999261379241943,0.007886582054197788,58720256
Alphatao/6d2adfd1-9d48-4aec-a495-4833d2a99abc,True,NousResearch/Hermes-2-Pro-Mistral-7B,0.04348033666610718,4096,4096,3.53503680229187,1.2475639072577285,1.1088666915893555,1.659550666809082,2.3963721153915705,0.35291397997579416,model.layers.9.self_attn.q_proj,4031,249.0990753173828,4031,2.2537927627563477,110.5243922306056,2.2537927627563477,1.0364768968429416e-05,16777216
Alphatao/6d2adfd1-9d48-4aec-a495-4833d2a99abc,True,NousResearch/Hermes-2-Pro-Mistral-7B,0.0439220666885376,1024,4096,6.648736476898193,0.3489589054737563,0.9753531217575073,0.45545312762260437,2.0363510165425973,0.05248499571102788,model.layers.9.self_attn.k_proj,1024,108.73040771484375,1024,1.128456950187683,96.35317297373186,1.128456950187683,0.0022360123693943024,4194304
Alphatao/6d2adfd1-9d48-4aec-a495-4833d2a99abc,True,NousResearch/Hermes-2-Pro-Mistral-7B,0.06128007173538208,1024,4096,5.602406978607178,-5.503647360562765,1.0152122974395752,-4.449561595916748,1.3820081471628043,-0.982371930775196,model.layers.9.self_attn.v_proj,1024,24.099506378173828,1024,0.10414251685142517,231.40891066187086,0.10414251685142517,0.0016408227384090424,4194304
Alphatao/6d2adfd1-9d48-4aec-a495-4833d2a99abc,True,NousResearch/Hermes-2-Pro-Mistral-7B,0.05364277958869934,4096,4096,3.719578981399536,-1.6604107392766094,1.131704330444336,-0.23668590188026428,2.0589756667959507,-0.4463974948723525,model.layers.9.self_attn.o_proj,4017,114.54487609863281,4017,0.35776883363723755,320.16448983025856,0.35776883363723755,1.0272495273966342e-05,16777216
Alphatao/6d2adfd1-9d48-4aec-a495-4833d2a99abc,True,NousResearch/Hermes-2-Pro-Mistral-7B,0.012881278991699219,14336,4096,3.602351188659668,2.8219683052523603,1.1805309057235718,2.8615851402282715,2.799168849636409,0.783368460614284,model.layers.9.mlp.gate_proj,4096,629.7509765625,4096,6.072513103485107,103.70516552711535,6.072513103485107,0.006002548150718212,58720256
Alphatao/6d2adfd1-9d48-4aec-a495-4833d2a99abc,True,NousResearch/Hermes-2-Pro-Mistral-7B,0.01911824941635132,14336,4096,5.013709545135498,-0.40216297355002756,1.191632628440857,0.5508101582527161,2.7108990637238066,-0.08021265889648957,model.layers.9.mlp.up_proj,4096,513.9241943359375,4096,0.8313565850257874,618.175405827809,0.8313565850257874,0.005542004015296698,58720256
Alphatao/6d2adfd1-9d48-4aec-a495-4833d2a99abc,True,NousResearch/Hermes-2-Pro-Mistral-7B,0.04630926251411438,4096,14336,3.9807114601135254,0.32654617096986327,1.1832802295684814,1.287704348564148,2.705274361552562,0.08203211266172769,model.layers.9.mlp.down_proj,4096,507.31109619140625,4096,1.2079031467437744,419.99319031413967,1.2079031467437744,0.004399007651954889,58720256
Alphatao/6d2adfd1-9d48-4aec-a495-4833d2a99abc,True,NousResearch/Hermes-2-Pro-Mistral-7B,0.04495030641555786,4096,4096,4.079856872558594,1.8278991205031137,1.1072086095809937,1.994799017906189,2.42240893991386,0.4480302073334221,model.layers.10.self_attn.q_proj,4026,264.48980712890625,4026,2.805628776550293,94.27113427818274,2.805628776550293,1.0188892701989971e-05,16777216
Alphatao/6d2adfd1-9d48-4aec-a495-4833d2a99abc,True,NousResearch/Hermes-2-Pro-Mistral-7B,0.04806429147720337,1024,4096,7.376531600952148,1.1104808383164817,0.9734067916870117,1.1409456729888916,2.083522292037182,0.15054240914160022,model.layers.10.self_attn.k_proj,1024,121.20549011230469,1024,1.4143028259277344,85.69981470043237,1.4143028259277344,0.0015393387293443084,4194304
Alphatao/6d2adfd1-9d48-4aec-a495-4833d2a99abc,True,NousResearch/Hermes-2-Pro-Mistral-7B,0.04956334829330444,1024,4096,7.987186908721924,-8.126757348213541,1.0152126550674438,-7.32682991027832,1.3814290379408563,-1.0174742923993938,model.layers.10.self_attn.v_proj,1024,24.067392349243164,1024,0.096056267619133,250.55514799587417,0.096056267619133,0.001763989683240652,4194304
Alphatao/6d2adfd1-9d48-4aec-a495-4833d2a99abc,True,NousResearch/Hermes-2-Pro-Mistral-7B,0.04218950867652893,4096,4096,4.275118827819824,-1.9529359455022979,1.137459635734558,-0.8144676089286804,2.0566155006158184,-0.45681442414975715,model.layers.10.self_attn.o_proj,4017,113.924072265625,4017,0.34928953647613525,326.15941895931576,0.34928953647613525,1.0088118870044127e-05,16777216
Alphatao/6d2adfd1-9d48-4aec-a495-4833d2a99abc,True,NousResearch/Hermes-2-Pro-Mistral-7B,0.020532727241516113,14336,4096,3.6859042644500732,2.6497723821131443,1.1810204982757568,2.70440936088562,2.792498261144398,0.718893436183287,model.layers.10.mlp.gate_proj,4096,620.1521606445312,4096,5.234719753265381,118.46902792793917,5.234719753265381,0.007815984077751637,58720256
Alphatao/6d2adfd1-9d48-4aec-a495-4833d2a99abc,True,NousResearch/Hermes-2-Pro-Mistral-7B,0.030186891555786133,14336,4096,5.014247417449951,-0.5641798554600028,1.1913093328475952,0.6072759628295898,2.714687255502994,-0.11251536043008474,model.layers.10.mlp.up_proj,4096,518.4265747070312,4096,0.7717642188072205,671.7421747127271,0.7717642188072205,0.006262856535613537,58720256
Alphatao/6d2adfd1-9d48-4aec-a495-4833d2a99abc,True,NousResearch/Hermes-2-Pro-Mistral-7B,0.03279143571853638,4096,14336,4.215574264526367,0.6576940642216247,1.1850590705871582,1.2666666507720947,2.7059909074954334,0.1560152954144478,model.layers.10.mlp.down_proj,4096,508.1488037109375,4096,1.4322383403778076,354.79346515531336,1.4322383403778076,0.010151422582566738,58720256
Alphatao/6d2adfd1-9d48-4aec-a495-4833d2a99abc,True,NousResearch/Hermes-2-Pro-Mistral-7B,0.039215490221977234,4096,4096,5.757162570953369,1.9598378383913202,1.1062153577804565,2.0559568405151367,2.408736743441426,0.34041731742634757,model.layers.11.self_attn.q_proj,4031,256.2929992675781,4031,2.1898648738861084,117.0359880757225,2.1898648738861084,1.0067912626254838e-05,16777216
Alphatao/6d2adfd1-9d48-4aec-a495-4833d2a99abc,True,NousResearch/Hermes-2-Pro-Mistral-7B,0.04729078710079193,1024,4096,8.125707626342773,0.431513211771206,0.9638838768005371,0.5068804025650024,2.0380970810496666,0.053104693352771036,model.layers.11.self_attn.k_proj,1024,109.1684341430664,1024,1.130068302154541,96.60339462219268,1.130068302154541,0.0015588966198265553,4194304
Alphatao/6d2adfd1-9d48-4aec-a495-4833d2a99abc,True,NousResearch/Hermes-2-Pro-Mistral-7B,0.07186976075172424,1024,4096,15.223064422607422,-13.919300896895459,1.0095765590667725,-13.653678894042969,1.4525611625852666,-0.9143560396567872,model.layers.11.self_attn.v_proj,1024,28.350528717041016,1024,0.12179906666278839,232.76474519736666,0.12179906666278839,0.0010353855323046446,4194304
Alphatao/6d2adfd1-9d48-4aec-a495-4833d2a99abc,True,NousResearch/Hermes-2-Pro-Mistral-7B,0.03865063190460205,4096,4096,4.295905113220215,-1.6922926658727078,1.1326358318328857,-0.48303475975990295,2.092409169396171,-0.393931574667431,model.layers.11.self_attn.o_proj,4015,123.71124267578125,4015,0.4037089943885803,306.4366769017437,0.4037089943885803,1.0153317816730123e-05,16777216
Alphatao/6d2adfd1-9d48-4aec-a495-4833d2a99abc,True,NousResearch/Hermes-2-Pro-Mistral-7B,0.023115873336791992,14336,4096,3.677832841873169,2.7339621728902626,1.1805065870285034,2.777308940887451,2.7887437234758896,0.7433622707816757,model.layers.11.mlp.gate_proj,4096,614.81396484375,4096,5.538118839263916,111.01494617357585,5.538118839263916,0.008109578862786293,58720256
Alphatao/6d2adfd1-9d48-4aec-a495-4833d2a99abc,True,NousResearch/Hermes-2-Pro-Mistral-7B,0.032300353050231934,14336,4096,4.6572675704956055,-0.40481841843200256,1.1905287504196167,0.8166613578796387,2.7207892639956,-0.086921872601132,model.layers.11.mlp.up_proj,4096,525.7620849609375,4096,0.8186120390892029,642.2603869177228,0.8186120390892029,0.007806662004441023,58720256
Alphatao/6d2adfd1-9d48-4aec-a495-4833d2a99abc,True,NousResearch/Hermes-2-Pro-Mistral-7B,0.03318864107131958,4096,14336,4.107089042663574,0.5175508321196626,1.1846871376037598,1.2942806482315063,2.7098512812223006,0.12601402763452502,model.layers.11.mlp.down_proj,4096,512.685791015625,4096,1.3366386890411377,383.5634829509608,1.3366386890411377,0.005431813653558493,58720256
Alphatao/6d2adfd1-9d48-4aec-a495-4833d2a99abc,True,NousResearch/Hermes-2-Pro-Mistral-7B,0.03172151744365692,4096,4096,5.714791297912598,2.017322760219766,1.1022895574569702,2.095245122909546,2.389426750726399,0.353000250587737,model.layers.12.self_attn.q_proj,4029,245.1470947265625,4029,2.2542405128479004,108.74930750705714,2.2542405128479004,1.0045155249827076e-05,16777216
Alphatao/6d2adfd1-9d48-4aec-a495-4833d2a99abc,True,NousResearch/Hermes-2-Pro-Mistral-7B,0.0589635968208313,1024,4096,8.816991806030273,0.44090004446879066,0.9674463272094727,0.4709259271621704,2.0305727754050875,0.05000572237883248,model.layers.12.self_attn.k_proj,1024,107.29334259033203,1024,1.1220332384109497,95.6240322633253,1.1220332384109497,0.0014564550947397947,4194304
Alphatao/6d2adfd1-9d48-4aec-a495-4833d2a99abc,True,NousResearch/Hermes-2-Pro-Mistral-7B,0.0755043625831604,1024,4096,10.615127563476562,-10.972003711639136,1.0186591148376465,-10.208209991455078,1.4007207085615985,-1.0336195816798732,model.layers.12.self_attn.v_proj,1024,25.16058349609375,1024,0.0925508514046669,271.85685614152027,0.0925508514046669,0.001619548536837101,4194304
Alphatao/6d2adfd1-9d48-4aec-a495-4833d2a99abc,True,NousResearch/Hermes-2-Pro-Mistral-7B,0.06685081124305725,4096,4096,3.588038206100464,-1.7082292674448971,1.1303870677947998,-0.17932316660881042,2.0662912256684307,-0.47609004400803956,model.layers.12.self_attn.o_proj,4011,116.49069213867188,4011,0.3341257572174072,348.64325668515977,0.3341257572174072,1.0191782166657504e-05,16777216
Alphatao/6d2adfd1-9d48-4aec-a495-4833d2a99abc,True,NousResearch/Hermes-2-Pro-Mistral-7B,0.022394537925720215,14336,4096,3.8107869625091553,2.902751552848913,1.1797409057617188,2.9301955699920654,2.7794827418458166,0.7617197133837259,model.layers.12.mlp.gate_proj,4096,601.8423461914062,4096,5.777230739593506,104.17488470155041,5.777230739593506,0.009155184961855412,58720256
Alphatao/6d2adfd1-9d48-4aec-a495-4833d2a99abc,True,NousResearch/Hermes-2-Pro-Mistral-7B,0.029285818338394165,14336,4096,4.888691425323486,-0.46671847325251586,1.1899704933166504,0.7571390271186829,2.7232982035634716,-0.09546899827526606,model.layers.12.mlp.up_proj,4096,528.8082275390625,4096,0.8026588559150696,658.8206479528538,0.8026588559150696,0.007483716122806072,58720256
Alphatao/6d2adfd1-9d48-4aec-a495-4833d2a99abc,True,NousResearch/Hermes-2-Pro-Mistral-7B,0.03130364418029785,4096,14336,4.209925174713135,0.6783006366294372,1.1846873760223389,1.3232423067092896,2.7130047328251954,0.1611194043788811,model.layers.12.mlp.down_proj,4096,516.4219970703125,4096,1.4491702318191528,356.3570281332957,1.4491702318191528,0.0054828994907438755,58720256
Alphatao/6d2adfd1-9d48-4aec-a495-4833d2a99abc,True,NousResearch/Hermes-2-Pro-Mistral-7B,0.05608510971069336,4096,4096,5.278022289276123,2.230533108369094,1.1098440885543823,2.2942094802856445,2.401726841052886,0.4226077470155985,model.layers.13.self_attn.q_proj,4031,252.1894073486328,4031,2.646109104156494,95.3057479574425,2.646109104156494,1.0048951480712276e-05,16777216
Alphatao/6d2adfd1-9d48-4aec-a495-4833d2a99abc,True,NousResearch/Hermes-2-Pro-Mistral-7B,0.06423637270927429,1024,4096,6.119176387786865,1.0271936404875521,0.9730190634727478,1.1051324605941772,2.0514570132238856,0.16786468887180736,model.layers.13.self_attn.k_proj,1024,112.57890319824219,1024,1.4718538522720337,76.48782725571515,1.4718538522720337,0.0014558947877958417,4194304
Alphatao/6d2adfd1-9d48-4aec-a495-4833d2a99abc,True,NousResearch/Hermes-2-Pro-Mistral-7B,0.08073773980140686,1024,4096,3.431676149368286,-3.195067067497745,1.0173068046569824,-1.6452147960662842,1.4581216309490936,-0.9310514537002285,model.layers.13.self_attn.v_proj,1024,28.71584701538086,1024,0.1172056496143341,245.0039491259212,0.1172056496143341,0.002818396780639887,4194304
Alphatao/6d2adfd1-9d48-4aec-a495-4833d2a99abc,True,NousResearch/Hermes-2-Pro-Mistral-7B,0.03507286310195923,4096,4096,3.467109203338623,-1.3767719557626865,1.132651925086975,0.07479298114776611,2.0937758077598,-0.3970950653751938,model.layers.13.self_attn.o_proj,4018,124.10115051269531,4018,0.40077897906303406,309.6498494078374,0.40077897906303406,1.0038831533165649e-05,16777216
Alphatao/6d2adfd1-9d48-4aec-a495-4833d2a99abc,True,NousResearch/Hermes-2-Pro-Mistral-7B,0.023400485515594482,14336,4096,3.882290840148926,2.771523329456534,1.182469129562378,2.7971627712249756,2.769956402349972,0.7138886403858958,model.layers.13.mlp.gate_proj,4096,588.7845458984375,4096,5.174741268157959,113.78048010273291,5.174741268157959,0.00743101118132472,58720256
Alphatao/6d2adfd1-9d48-4aec-a495-4833d2a99abc,True,NousResearch/Hermes-2-Pro-Mistral-7B,0.02984607219696045,14336,4096,5.069884300231934,-0.40024465203937803,1.1905839443206787,0.6805358529090881,2.7284355751396028,-0.07894551992460024,model.layers.13.mlp.up_proj,4096,535.1007690429688,4096,0.8337857723236084,641.7724873761528,0.8337857723236084,0.007972356863319874,58720256
Alphatao/6d2adfd1-9d48-4aec-a495-4833d2a99abc,True,NousResearch/Hermes-2-Pro-Mistral-7B,0.02964198589324951,4096,14336,3.578150749206543,0.5990573803277506,1.1832927465438843,1.5391590595245361,2.7197340202301694,0.1674209451517916,model.layers.13.mlp.down_proj,4096,524.4861450195312,4096,1.470350742340088,356.70818527612175,1.470350742340088,0.005661806557327509,58720256
Alphatao/6d2adfd1-9d48-4aec-a495-4833d2a99abc,True,NousResearch/Hermes-2-Pro-Mistral-7B,0.04995393753051758,4096,4096,6.105145454406738,2.2111197751768312,1.1018961668014526,2.242617607116699,2.3604018640918887,0.36217315241536613,model.layers.14.self_attn.q_proj,4027,229.29884338378906,4027,2.3023595809936523,99.59297638678501,2.3023595809936523,1.004769183055032e-05,16777216
Alphatao/6d2adfd1-9d48-4aec-a495-4833d2a99abc,True,NousResearch/Hermes-2-Pro-Mistral-7B,0.035134077072143555,1024,4096,6.708425521850586,0.3452452462094318,0.9675326347351074,0.3865560293197632,1.9331324928886546,0.051464422625682286,model.layers.14.self_attn.k_proj,1024,85.72993469238281,1024,1.1258082389831543,76.14967782596376,1.1258082389831543,0.0017011873424053192,4194304
Alphatao/6d2adfd1-9d48-4aec-a495-4833d2a99abc,True,NousResearch/Hermes-2-Pro-Mistral-7B,0.09398695826530457,1024,4096,4.436796188354492,-4.089117287922634,1.0221396684646606,-2.5015475749969482,1.565789280926838,-0.9216373965194907,model.layers.14.self_attn.v_proj,1024,36.795040130615234,1024,0.11977401375770569,307.20386648350103,0.11977401375770569,0.002944310661405325,4194304
Alphatao/6d2adfd1-9d48-4aec-a495-4833d2a99abc,True,NousResearch/Hermes-2-Pro-Mistral-7B,0.08331567049026489,4096,4096,3.41158390045166,-1.4945034732354965,1.1337039470672607,0.13490085303783417,2.1457613237536846,-0.43806733671056397,model.layers.14.self_attn.o_proj,4024,139.8818359375,4024,0.3646973967552185,383.55589368625897,0.3646973967552185,1.00489123724401e-05,16777216
Alphatao/6d2adfd1-9d48-4aec-a495-4833d2a99abc,True,NousResearch/Hermes-2-Pro-Mistral-7B,0.018670618534088135,14336,4096,3.7837631702423096,3.0736616694086196,1.1805944442749023,3.089959144592285,2.774659680377774,0.8123292952322342,model.layers.14.mlp.gate_proj,4096,595.195556640625,4096,6.491264343261719,91.69177608033634,6.491264343261719,0.007830511778593063,58720256
Alphatao/6d2adfd1-9d48-4aec-a495-4833d2a99abc,True,NousResearch/Hermes-2-Pro-Mistral-7B,0.024908900260925293,14336,4096,4.652044296264648,-0.32425684814307926,1.1907496452331543,0.8876527547836304,2.739136132191872,-0.06970201216773468,model.layers.14.mlp.up_proj,4096,548.4488525390625,4096,0.851722240447998,643.9292371308555,0.851722240447998,0.009024345315992832,58720256
Alphatao/6d2adfd1-9d48-4aec-a495-4833d2a99abc,True,NousResearch/Hermes-2-Pro-Mistral-7B,0.00850975513458252,4096,14336,4.390365123748779,0.5700032620678929,1.1895538568496704,1.1938430070877075,2.7270214241602244,0.129830491542623,model.layers.14.mlp.down_proj,4096,533.3612060546875,4096,1.3484364748001099,395.54047670933267,1.3484364748001099,0.01467957068234682,58720256
Alphatao/6d2adfd1-9d48-4aec-a495-4833d2a99abc,True,NousResearch/Hermes-2-Pro-Mistral-7B,0.05100888013839722,4096,4096,2.836277484893799,0.878464354888218,1.1019272804260254,1.6700341701507568,2.3609494397408826,0.30972440445865296,model.layers.15.self_attn.q_proj,4030,229.588134765625,4030,2.040442705154419,112.51878535263747,2.040442705154419,1.008525305223884e-05,16777216
Alphatao/6d2adfd1-9d48-4aec-a495-4833d2a99abc,True,NousResearch/Hermes-2-Pro-Mistral-7B,0.05786275863647461,1024,4096,7.005321025848389,0.47473330770725275,0.9636980891227722,0.5200515985488892,1.9320889451987888,0.06776753070352826,model.layers.15.self_attn.k_proj,1024,85.52418518066406,1024,1.1688735485076904,73.16803882665788,1.1688735485076904,0.002257708227261901,4194304
Alphatao/6d2adfd1-9d48-4aec-a495-4833d2a99abc,True,NousResearch/Hermes-2-Pro-Mistral-7B,0.0682724118232727,1024,4096,10.497802734375,-9.999543058096046,1.0276274681091309,-9.241035461425781,1.5598144606396926,-0.952536765179688,model.layers.15.self_attn.v_proj,1024,36.29229736328125,1024,0.11154837161302567,325.3503107081067,0.11154837161302567,0.003684785682708025,4194304
Alphatao/6d2adfd1-9d48-4aec-a495-4833d2a99abc,True,NousResearch/Hermes-2-Pro-Mistral-7B,0.02411174774169922,4096,4096,4.40079402923584,-1.6405942295734903,1.1373369693756104,-0.4554467499256134,2.141095178189002,-0.37279504986475487,model.layers.15.self_attn.o_proj,4022,138.386962890625,4022,0.4238429367542267,326.50529450929906,0.4238429367542267,1.000226620817557e-05,16777216
Alphatao/6d2adfd1-9d48-4aec-a495-4833d2a99abc,True,NousResearch/Hermes-2-Pro-Mistral-7B,0.023477882146835327,14336,4096,4.037751197814941,3.3537844919092286,1.1808727979660034,3.3606717586517334,2.7852521314532486,0.8306070204930293,model.layers.15.mlp.gate_proj,4096,609.890869140625,4096,6.7702860832214355,90.08347086722027,6.7702860832214355,0.007784026674926281,58720256
Alphatao/6d2adfd1-9d48-4aec-a495-4833d2a99abc,True,NousResearch/Hermes-2-Pro-Mistral-7B,0.035749197006225586,14336,4096,5.5906524658203125,-0.5820660324102024,1.190718650817871,0.46349915862083435,2.7347099983724927,-0.10411415053409089,model.layers.15.mlp.up_proj,4096,542.8876953125,4096,0.786838948726654,689.9603739635135,0.786838948726654,0.0066876946948468685,58720256
Alphatao/6d2adfd1-9d48-4aec-a495-4833d2a99abc,True,NousResearch/Hermes-2-Pro-Mistral-7B,0.010033071041107178,4096,14336,4.589316368103027,-0.055271519416004805,1.1904003620147705,0.9649304747581482,2.7249018891023415,-0.01204351911760902,model.layers.15.mlp.down_proj,4096,530.7645263671875,4096,0.9726497530937195,545.6892624287191,0.9726497530937195,0.007907884195446968,58720256
Alphatao/6d2adfd1-9d48-4aec-a495-4833d2a99abc,True,NousResearch/Hermes-2-Pro-Mistral-7B,0.047696590423583984,4096,4096,6.04026460647583,2.4220053981517284,1.10470449924469,2.4445676803588867,2.3632928291878823,0.4009767048210225,model.layers.16.self_attn.q_proj,4029,230.83030700683594,4029,2.5175418853759766,91.6887652784228,2.5175418853759766,1.031448209687369e-05,16777216
Alphatao/6d2adfd1-9d48-4aec-a495-4833d2a99abc,True,NousResearch/Hermes-2-Pro-Mistral-7B,0.0603717565536499,1024,4096,6.632136821746826,0.7675998593895553,0.9660056829452515,0.817976713180542,1.9616026234165111,0.1157394486905924,model.layers.16.self_attn.k_proj,1024,91.53825378417969,1024,1.3053874969482422,70.12343384487704,1.3053874969482422,0.002475551562383771,4194304
Alphatao/6d2adfd1-9d48-4aec-a495-4833d2a99abc,True,NousResearch/Hermes-2-Pro-Mistral-7B,0.11728814244270325,1024,4096,15.479952812194824,-16.684622613470424,1.0300241708755493,-15.483036994934082,1.5463772065071426,-1.0778212838172596,model.layers.16.self_attn.v_proj,1024,35.18659210205078,1024,0.08359469473361969,420.91896159409765,0.08359469473361969,0.0037391046062111855,4194304
Alphatao/6d2adfd1-9d48-4aec-a495-4833d2a99abc,True,NousResearch/Hermes-2-Pro-Mistral-7B,0.030866563320159912,4096,4096,3.898587465286255,-1.0293634368052955,1.134864091873169,-0.006566391326487064,2.142418359567876,-0.26403497317193425,model.layers.16.self_attn.o_proj,4026,138.80923461914062,4026,0.54445880651474,254.9490116758405,0.54445880651474,1.005903413897613e-05,16777216
Alphatao/6d2adfd1-9d48-4aec-a495-4833d2a99abc,True,NousResearch/Hermes-2-Pro-Mistral-7B,0.018074452877044678,14336,4096,4.459306716918945,4.03236121715184,1.1817549467086792,4.0335307121276855,2.8000785061635343,0.9042574267997218,model.layers.16.mlp.gate_proj,4096,631.0714111328125,4096,8.021533966064453,78.6721609361246,8.021533966064453,0.007185639813542366,58720256
Alphatao/6d2adfd1-9d48-4aec-a495-4833d2a99abc,True,NousResearch/Hermes-2-Pro-Mistral-7B,0.026799380779266357,14336,4096,6.054345607757568,-0.47286384299454076,1.1925125122070312,0.16580606997013092,2.730641291466379,-0.07810321273840888,model.layers.16.mlp.up_proj,4096,537.8253784179688,4096,0.8354044556617737,643.7904116658382,0.8354044556617737,0.00785259623080492,58720256
Alphatao/6d2adfd1-9d48-4aec-a495-4833d2a99abc,True,NousResearch/Hermes-2-Pro-Mistral-7B,0.01381140947341919,4096,14336,4.580576419830322,0.10701189440556459,1.1902718544006348,0.9665006995201111,2.72009648934732,0.023362102189210636,model.layers.16.mlp.down_proj,4096,524.924072265625,4096,1.0552663803100586,497.432763954246,1.0552663803100586,0.011961264535784721,58720256
Alphatao/6d2adfd1-9d48-4aec-a495-4833d2a99abc,True,NousResearch/Hermes-2-Pro-Mistral-7B,0.028212785720825195,4096,4096,4.915600776672363,2.6036282321951623,1.1158909797668457,2.6125245094299316,2.36945495138094,0.529666331845138,model.layers.17.self_attn.q_proj,4032,234.1288604736328,4032,3.3858392238616943,69.14943238403353,3.3858392238616943,1.0455521078256425e-05,16777216
Alphatao/6d2adfd1-9d48-4aec-a495-4833d2a99abc,True,NousResearch/Hermes-2-Pro-Mistral-7B,0.05567863583564758,1024,4096,5.750122547149658,1.0602270817525923,0.9842640161514282,1.0672906637191772,1.9350918769637604,0.1843833888858852,model.layers.17.self_attn.k_proj,1024,86.11759185791016,1024,1.5289151668548584,56.325945170040555,1.5289151668548584,0.0017900626407936215,4194304
Alphatao/6d2adfd1-9d48-4aec-a495-4833d2a99abc,True,NousResearch/Hermes-2-Pro-Mistral-7B,0.07103294134140015,1024,4096,8.947742462158203,-7.973873161601598,1.023923635482788,-7.216623783111572,1.5543048549758942,-0.8911603340535008,model.layers.17.self_attn.v_proj,1024,35.83478927612305,1024,0.12848122417926788,278.91070858823167,0.12848122417926788,0.0039742374792695045,4194304
Alphatao/6d2adfd1-9d48-4aec-a495-4833d2a99abc,True,NousResearch/Hermes-2-Pro-Mistral-7B,0.05337628722190857,4096,4096,3.4728307723999023,-1.05281780520935,1.1365418434143066,0.17187990248203278,2.155479857087405,-0.30315839561678365,model.layers.17.self_attn.o_proj,4030,143.04736328125,4030,0.49755558371543884,287.500267232578,0.49755558371543884,1.0186724466620944e-05,16777216
Alphatao/6d2adfd1-9d48-4aec-a495-4833d2a99abc,True,NousResearch/Hermes-2-Pro-Mistral-7B,0.01885312795639038,14336,4096,4.819450378417969,4.14780788610808,1.1843880414962769,4.148594379425049,2.80684181886562,0.8606391933574877,model.layers.17.mlp.gate_proj,4096,640.97607421875,4096,7.255029678344727,88.34920084916759,7.255029678344727,0.0051970710046589375,58720256
Alphatao/6d2adfd1-9d48-4aec-a495-4833d2a99abc,True,NousResearch/Hermes-2-Pro-Mistral-7B,0.011031955480575562,14336,4096,6.019163131713867,-0.548452493530376,1.1937541961669922,0.17309628427028656,2.736272411251501,-0.09111773207153671,model.layers.17.mlp.up_proj,4096,544.8442993164062,4096,0.8107412457466125,672.032294119511,0.8107412457466125,0.0056038713082671165,58720256
Alphatao/6d2adfd1-9d48-4aec-a495-4833d2a99abc,True,NousResearch/Hermes-2-Pro-Mistral-7B,0.010774612426757812,4096,14336,4.684701919555664,-0.020777937998493378,1.1912494897842407,0.9208865165710449,2.7255086550554704,-0.004435274293922233,model.layers.17.mlp.down_proj,4096,531.506591796875,4096,0.9898393750190735,536.9624660431732,0.9898393750190735,0.007897335104644299,58720256
Alphatao/6d2adfd1-9d48-4aec-a495-4833d2a99abc,True,NousResearch/Hermes-2-Pro-Mistral-7B,0.06732544302940369,4096,4096,2.337737560272217,0.9892245968107429,1.1063320636749268,1.7681978940963745,2.373883231742479,0.4231546832380762,model.layers.18.self_attn.q_proj,4031,236.5283660888672,4031,2.6494436264038086,89.27473063841566,2.6494436264038086,1.0053679943666793e-05,16777216
Alphatao/6d2adfd1-9d48-4aec-a495-4833d2a99abc,True,NousResearch/Hermes-2-Pro-Mistral-7B,0.05768686532974243,1024,4096,6.886473178863525,0.378005879839993,0.9767589569091797,0.3874134421348572,1.907146018782762,0.05489106978593872,model.layers.18.self_attn.k_proj,1024,80.75064849853516,1024,1.1347261667251587,71.16311482582891,1.1347261667251587,0.002204807009547949,4194304
Alphatao/6d2adfd1-9d48-4aec-a495-4833d2a99abc,True,NousResearch/Hermes-2-Pro-Mistral-7B,0.039345890283584595,1024,4096,10.914141654968262,-9.552532954897412,1.0319045782089233,-9.455814361572266,1.5465558980660972,-0.8752436294932064,model.layers.18.self_attn.v_proj,1024,35.201072692871094,1024,0.13327735662460327,264.11892900922754,0.13327735662460327,0.0043401108123362064,4194304
Alphatao/6d2adfd1-9d48-4aec-a495-4833d2a99abc,True,NousResearch/Hermes-2-Pro-Mistral-7B,0.03862106800079346,4096,4096,5.4770073890686035,-0.9910767716089923,1.1398953199386597,-0.8835225701332092,2.134579142398875,-0.18095224293234533,model.layers.18.self_attn.o_proj,4027,136.32614135742188,4027,0.6592463850975037,206.79088189047712,0.6592463850975037,1.0128004760190379e-05,16777216
Alphatao/6d2adfd1-9d48-4aec-a495-4833d2a99abc,True,NousResearch/Hermes-2-Pro-Mistral-7B,0.020157575607299805,14336,4096,4.6782026290893555,4.294292820739893,1.1836116313934326,4.295129299163818,2.8098363291450523,0.9179364728747987,model.layers.18.mlp.gate_proj,4096,645.4109497070312,4096,8.278210639953613,77.96503106505246,8.278210639953613,0.005769065115600824,58720256
Alphatao/6d2adfd1-9d48-4aec-a495-4833d2a99abc,True,NousResearch/Hermes-2-Pro-Mistral-7B,0.010964125394821167,14336,4096,6.019265651702881,0.03162248237420674,1.1935222148895264,0.37771305441856384,2.736538061865773,0.0052535449013220705,model.layers.18.mlp.up_proj,4096,545.1776733398438,4096,1.0121701955795288,538.6225317844855,1.0121701955795288,0.005965988617390394,58720256
Alphatao/6d2adfd1-9d48-4aec-a495-4833d2a99abc,True,NousResearch/Hermes-2-Pro-Mistral-7B,0.01905006170272827,4096,14336,5.645138263702393,-0.20841638531532136,1.1943877935409546,0.40512415766716003,2.7226338221276203,-0.036919624565338885,model.layers.18.mlp.down_proj,4096,527.9998779296875,4096,0.9185025691986084,574.8485585515197,0.9185025691986084,0.011074674315750599,58720256
Alphatao/6d2adfd1-9d48-4aec-a495-4833d2a99abc,True,NousResearch/Hermes-2-Pro-Mistral-7B,0.04454845190048218,4096,4096,5.556169033050537,2.430610404357311,1.1202894449234009,2.439115047454834,2.3430324610537374,0.4374615656757329,model.layers.19.self_attn.q_proj,4039,220.30911254882812,4039,2.7381772994995117,80.45830800989278,2.7381772994995117,1.0097511221829336e-05,16777216
Alphatao/6d2adfd1-9d48-4aec-a495-4833d2a99abc,True,NousResearch/Hermes-2-Pro-Mistral-7B,0.06362667679786682,1024,4096,2.937653064727783,0.3479433445630765,0.9765424728393555,0.79524165391922,1.892017622946042,0.1184426264424518,model.layers.19.self_attn.k_proj,1024,77.98617553710938,1024,1.3135379552841187,59.37108647937085,1.3135379552841187,0.0018187081441283226,4194304
Alphatao/6d2adfd1-9d48-4aec-a495-4833d2a99abc,True,NousResearch/Hermes-2-Pro-Mistral-7B,0.05273956060409546,1024,4096,6.490397930145264,-5.655470396985739,1.0330474376678467,-4.615400314331055,1.61988327279091,-0.8713595773101022,model.layers.19.self_attn.v_proj,1024,41.67573547363281,1024,0.13447465002536774,309.9151807851589,0.13447465002536774,0.005181661807000637,4194304
Alphatao/6d2adfd1-9d48-4aec-a495-4833d2a99abc,True,NousResearch/Hermes-2-Pro-Mistral-7B,0.025387167930603027,4096,4096,3.6273715496063232,-0.20378376220756755,1.1422579288482666,0.24615103006362915,2.168222955212273,-0.05617945650747691,model.layers.19.self_attn.o_proj,4034,147.30685424804688,4034,0.8786593675613403,167.64955759464226,0.8786593675613403,1.0155231393582653e-05,16777216
Alphatao/6d2adfd1-9d48-4aec-a495-4833d2a99abc,True,NousResearch/Hermes-2-Pro-Mistral-7B,0.016191720962524414,14336,4096,4.780468940734863,4.428658952736829,1.184665560722351,4.429251670837402,2.818973977526783,0.9264068039433904,model.layers.19.mlp.gate_proj,4096,659.1343994140625,4096,8.441250801086426,78.08492070028639,8.441250801086426,0.00536164827644825,58720256
Alphatao/6d2adfd1-9d48-4aec-a495-4833d2a99abc,True,NousResearch/Hermes-2-Pro-Mistral-7B,0.013828113675117493,14336,4096,6.495708465576172,0.13602630352355252,1.1936575174331665,0.37079256772994995,2.733925676271896,0.020940949589166473,model.layers.19.mlp.up_proj,4096,541.9081420898438,4096,1.049399733543396,516.39820820236,1.049399733543396,0.005998368375003338,58720256
Alphatao/6d2adfd1-9d48-4aec-a495-4833d2a99abc,True,NousResearch/Hermes-2-Pro-Mistral-7B,0.03070390224456787,4096,14336,6.731466293334961,-0.2554252767178694,1.1958732604980469,0.10582666099071503,2.721433868084929,-0.03794496853839618,model.layers.19.mlp.down_proj,4096,526.5430297851562,4096,0.9163365960121155,574.6174845320643,0.9163365960121155,0.008490994572639465,58720256
Alphatao/6d2adfd1-9d48-4aec-a495-4833d2a99abc,True,NousResearch/Hermes-2-Pro-Mistral-7B,0.043570637702941895,4096,4096,5.222485065460205,2.4687610439756402,1.122166395187378,2.475665807723999,2.3380070364909704,0.47271768382895185,model.layers.20.self_attn.q_proj,4040,217.77450561523438,4040,2.9697349071502686,73.33129468589803,2.9697349071502686,1.0002330782299396e-05,16777216
Alphatao/6d2adfd1-9d48-4aec-a495-4833d2a99abc,True,NousResearch/Hermes-2-Pro-Mistral-7B,0.0507931113243103,1024,4096,5.7931647300720215,0.5898080445432661,0.9827287197113037,0.6036460995674133,1.8727481013514498,0.10181102592881619,model.layers.20.self_attn.k_proj,1024,74.60159301757812,1024,1.264186143875122,59.011557260785295,1.264186143875122,0.0024739450309425592,4194304
Alphatao/6d2adfd1-9d48-4aec-a495-4833d2a99abc,True,NousResearch/Hermes-2-Pro-Mistral-7B,0.08610635995864868,1024,4096,27.624126434326172,-26.0709643127367,1.0287261009216309,-25.484651565551758,1.6467153884758685,-0.9437751588169865,model.layers.20.self_attn.v_proj,1024,44.33180236816406,1024,0.11382164061069489,389.48483021600873,0.11382164061069489,0.005987727083265781,4194304
Alphatao/6d2adfd1-9d48-4aec-a495-4833d2a99abc,True,NousResearch/Hermes-2-Pro-Mistral-7B,0.044463157653808594,4096,4096,4.551419258117676,-0.9510955755357029,1.14589262008667,-0.5282011032104492,2.1797356023523564,-0.20896681267922704,model.layers.20.self_attn.o_proj,4039,151.26400756835938,4039,0.6180636286735535,244.73856824901992,0.6180636286735535,1.00220322565292e-05,16777216
Alphatao/6d2adfd1-9d48-4aec-a495-4833d2a99abc,True,NousResearch/Hermes-2-Pro-Mistral-7B,0.013073444366455078,14336,4096,4.752335071563721,4.449153851354095,1.1852394342422485,4.449611663818359,2.8255323318156393,0.9362037365538987,model.layers.20.mlp.gate_proj,4096,669.1636352539062,4096,8.633834838867188,77.50479917006435,8.633834838867188,0.005355902016162872,58720256
Alphatao/6d2adfd1-9d48-4aec-a495-4833d2a99abc,True,NousResearch/Hermes-2-Pro-Mistral-7B,0.019454777240753174,14336,4096,7.055272579193115,0.02158547236179682,1.193835735321045,0.15894006192684174,2.7242892730506685,0.0030594809937542437,model.layers.20.mlp.up_proj,4096,530.016357421875,4096,1.0070695877075195,526.2956640646825,1.0070695877075195,0.005278522614389658,58720256
Alphatao/6d2adfd1-9d48-4aec-a495-4833d2a99abc,True,NousResearch/Hermes-2-Pro-Mistral-7B,0.035565078258514404,4096,14336,8.661590576171875,-0.8767212125288351,1.1962145566940308,-0.7357308864593506,2.7158327972880585,-0.10121942440233832,model.layers.20.mlp.down_proj,4096,519.7958374023438,4096,0.7921010255813599,656.2241691592828,0.7921010255813599,0.007395574823021889,58720256
Alphatao/6d2adfd1-9d48-4aec-a495-4833d2a99abc,True,NousResearch/Hermes-2-Pro-Mistral-7B,0.050422459840774536,4096,4096,4.722109794616699,2.3652699623494393,1.1312650442123413,2.37032151222229,2.3384241487139446,0.5008926232604534,model.layers.21.self_attn.q_proj,4040,217.9837646484375,4040,3.1687839031219482,68.79098458991653,3.1687839031219482,1.024870198307326e-05,16777216
Alphatao/6d2adfd1-9d48-4aec-a495-4833d2a99abc,True,NousResearch/Hermes-2-Pro-Mistral-7B,0.057876139879226685,1024,4096,3.3239800930023193,0.2612149834287767,0.9911878108978271,0.5321186184883118,1.8764333170050287,0.07858500235265832,model.layers.21.self_attn.k_proj,1024,75.23731994628906,1024,1.19835364818573,62.783903616596,1.19835364818573,0.0017700078897178173,4194304
Alphatao/6d2adfd1-9d48-4aec-a495-4833d2a99abc,True,NousResearch/Hermes-2-Pro-Mistral-7B,0.08794280886650085,1024,4096,4.082619667053223,-3.263364604671635,1.0222147703170776,-1.6120368242263794,1.6866269834507315,-0.7993310351701426,model.layers.21.self_attn.v_proj,1024,48.598960876464844,1024,0.15873363614082336,306.1667461164275,0.15873363614082336,0.005350796040147543,4194304
Alphatao/6d2adfd1-9d48-4aec-a495-4833d2a99abc,True,NousResearch/Hermes-2-Pro-Mistral-7B,0.03492623567581177,4096,4096,6.445706367492676,-1.758707467835855,1.154213786125183,-1.669931173324585,2.185310011894261,-0.2728494547479638,model.layers.21.self_attn.o_proj,4046,153.21807861328125,4046,0.5335198044776917,287.1834884616506,0.5335198044776917,1.0012887287302874e-05,16777216
Alphatao/6d2adfd1-9d48-4aec-a495-4833d2a99abc,True,NousResearch/Hermes-2-Pro-Mistral-7B,0.012938320636749268,14336,4096,4.843238353729248,4.711458203377397,1.185158371925354,4.711736679077148,2.8421438188648764,0.9727909013087532,model.layers.21.mlp.gate_proj,4096,695.2545166015625,4096,9.392709732055664,74.02065393640147,9.392709732055664,0.0052682883106172085,58720256
Alphatao/6d2adfd1-9d48-4aec-a495-4833d2a99abc,True,NousResearch/Hermes-2-Pro-Mistral-7B,0.03080374002456665,14336,4096,8.420623779296875,-0.19176320768892735,1.194242238998413,-0.1496748924255371,2.709343160325106,-0.022773040657676744,model.layers.21.mlp.up_proj,4096,512.0863037109375,4096,0.9489142298698425,539.6549947208375,0.9489142298698425,0.00502005172893405,58720256
Alphatao/6d2adfd1-9d48-4aec-a495-4833d2a99abc,True,NousResearch/Hermes-2-Pro-Mistral-7B,0.04218924045562744,4096,14336,8.720535278320312,-1.4410011778062028,1.1956896781921387,-1.165856122970581,2.7047722058102788,-0.16524228522859186,model.layers.21.mlp.down_proj,4096,506.724853515625,4096,0.6835302114486694,741.334976901278,0.6835302114486694,0.00615842966362834,58720256
Alphatao/6d2adfd1-9d48-4aec-a495-4833d2a99abc,True,NousResearch/Hermes-2-Pro-Mistral-7B,0.03135073184967041,4096,4096,4.625633716583252,2.2137807154936975,1.1412428617477417,2.217120885848999,2.3153307879786054,0.478589713568786,model.layers.22.self_attn.q_proj,4046,206.6953887939453,4046,3.0101609230041504,68.66589331299359,3.0101609230041504,1.0296100299456157e-05,16777216
Alphatao/6d2adfd1-9d48-4aec-a495-4833d2a99abc,True,NousResearch/Hermes-2-Pro-Mistral-7B,0.048511311411857605,1024,4096,5.681193828582764,-0.17962332728412098,0.9979875087738037,-0.14136120676994324,1.8508958697701308,-0.031617179892792,model.layers.22.self_attn.k_proj,1024,70.94076538085938,1024,0.9297856092453003,76.29798168035903,0.9297856092453003,0.0022841382306069136,4194304
Alphatao/6d2adfd1-9d48-4aec-a495-4833d2a99abc,True,NousResearch/Hermes-2-Pro-Mistral-7B,0.0840187668800354,1024,4096,10.393721580505371,-6.788732090538655,1.0188404321670532,-5.852787971496582,1.7789101296016299,-0.6531570080991691,model.layers.22.self_attn.v_proj,1024,60.10493469238281,1024,0.22225062549114227,270.4376402071286,0.22225062549114227,0.008104649372398853,4194304
Alphatao/6d2adfd1-9d48-4aec-a495-4833d2a99abc,True,NousResearch/Hermes-2-Pro-Mistral-7B,0.02852010726928711,4096,4096,5.5834784507751465,-1.1266790997059275,1.1562061309814453,-1.0328360795974731,2.1951748687037913,-0.20178802687946476,model.layers.22.self_attn.o_proj,4046,156.7382049560547,4046,0.6283649802207947,249.43816076602496,0.6283649802207947,1.0446431588206906e-05,16777216
Alphatao/6d2adfd1-9d48-4aec-a495-4833d2a99abc,True,NousResearch/Hermes-2-Pro-Mistral-7B,0.017714738845825195,14336,4096,5.201169490814209,4.738404062677787,1.1869819164276123,4.7385783195495605,2.840336477710931,0.91102665872479,model.layers.22.mlp.gate_proj,4096,692.3671875,4096,8.147542953491211,84.97864834248239,8.147542953491211,0.005573291797190905,58720256
Alphatao/6d2adfd1-9d48-4aec-a495-4833d2a99abc,True,NousResearch/Hermes-2-Pro-Mistral-7B,0.039234936237335205,14336,4096,8.713478088378906,-0.13422480123937638,1.1944838762283325,-0.10802819579839706,2.711240891942113,-0.015404273687035593,model.layers.22.mlp.up_proj,4096,514.328857421875,4096,0.9651520252227783,532.899319465404,0.9651520252227783,0.005839420948177576,58720256
Alphatao/6d2adfd1-9d48-4aec-a495-4833d2a99abc,True,NousResearch/Hermes-2-Pro-Mistral-7B,0.03145319223403931,4096,14336,7.350581169128418,-0.8337400123292124,1.1948174238204956,-0.5242332220077515,2.7071870816362043,-0.11342504669301837,model.layers.22.mlp.down_proj,4096,509.5503234863281,4096,0.7701493501663208,661.6253371846461,0.7701493501663208,0.0062421271577477455,58720256
Alphatao/6d2adfd1-9d48-4aec-a495-4833d2a99abc,True,NousResearch/Hermes-2-Pro-Mistral-7B,0.019567787647247314,4096,4096,4.294071674346924,2.270096233233255,1.1378800868988037,2.276092529296875,2.322721568662784,0.5286582072663026,model.layers.23.self_attn.q_proj,4043,210.24301147460938,4043,3.377988815307617,62.2391082296889,3.377988815307617,1.0343606845708564e-05,16777216
Alphatao/6d2adfd1-9d48-4aec-a495-4833d2a99abc,True,NousResearch/Hermes-2-Pro-Mistral-7B,0.026005864143371582,1024,4096,4.992751121520996,0.3562478798574867,0.9979355335235596,0.3936069905757904,1.8672603439762943,0.07135302184839508,model.layers.23.self_attn.k_proj,1024,73.66485595703125,1024,1.1785635948181152,62.503929597791256,1.1785635948181152,0.002423851750791073,4194304
Alphatao/6d2adfd1-9d48-4aec-a495-4833d2a99abc,True,NousResearch/Hermes-2-Pro-Mistral-7B,0.0948924720287323,1024,4096,6.293703556060791,-4.554883409368714,1.0259162187576294,-3.209599733352661,1.775204745696985,-0.7237206787381008,model.layers.23.self_attn.v_proj,1024,59.594303131103516,1024,0.18892060220241547,315.44629032704603,0.18892060220241547,0.009017516858875751,4194304
Alphatao/6d2adfd1-9d48-4aec-a495-4833d2a99abc,True,NousResearch/Hermes-2-Pro-Mistral-7B,0.06053084135055542,4096,4096,4.291508674621582,-0.22340615807189695,1.1514893770217896,-0.07647979259490967,2.204313152557075,-0.052057720258854315,model.layers.23.self_attn.o_proj,4045,160.07118225097656,4045,0.8870381116867065,180.45581147195645,0.8870381116867065,1.0204553291259799e-05,16777216
Alphatao/6d2adfd1-9d48-4aec-a495-4833d2a99abc,True,NousResearch/Hermes-2-Pro-Mistral-7B,0.028828024864196777,14336,4096,5.328080177307129,4.86023831318405,1.1878043413162231,4.860372066497803,2.8427069169141514,0.9121931636622759,model.layers.23.mlp.gate_proj,4096,696.1565551757812,4096,8.169456481933594,85.2145496723438,8.169456481933594,0.0056276749819517136,58720256
Alphatao/6d2adfd1-9d48-4aec-a495-4833d2a99abc,True,NousResearch/Hermes-2-Pro-Mistral-7B,0.04447871446609497,14336,4096,9.453933715820312,-0.5103176708402858,1.1950180530548096,-0.48635122179985046,2.710631652140102,-0.05397940012910338,model.layers.23.mlp.up_proj,4096,513.6078491210938,4096,0.8831217885017395,581.5821280918176,0.8831217885017395,0.005484101362526417,58720256
Alphatao/6d2adfd1-9d48-4aec-a495-4833d2a99abc,True,NousResearch/Hermes-2-Pro-Mistral-7B,0.03429049253463745,4096,14336,6.006770133972168,-0.4711289993793089,1.1936964988708496,0.18205153942108154,2.7101317294169034,-0.0784329995773885,model.layers.23.mlp.down_proj,4096,513.0169677734375,4096,0.8347703218460083,614.5606214640615,0.8347703218460083,0.005137563217431307,58720256
Alphatao/6d2adfd1-9d48-4aec-a495-4833d2a99abc,True,NousResearch/Hermes-2-Pro-Mistral-7B,0.030421525239944458,4096,4096,3.5187339782714844,1.7939541253243279,1.1402151584625244,1.820462703704834,2.3139321003358284,0.5098294262658571,model.layers.24.self_attn.q_proj,4046,206.03077697753906,4046,3.234665870666504,63.6946087216997,3.234665870666504,1.0386253052274697e-05,16777216
Alphatao/6d2adfd1-9d48-4aec-a495-4833d2a99abc,True,NousResearch/Hermes-2-Pro-Mistral-7B,0.03735882043838501,1024,4096,5.428160667419434,0.0016375339567482065,1.0036603212356567,0.024913858622312546,1.849771026509456,0.0003016738186430093,model.layers.24.self_attn.k_proj,1024,70.75726318359375,1024,1.0006948709487915,70.70813015810351,1.0006948709487915,0.0020528146997094154,4194304
Alphatao/6d2adfd1-9d48-4aec-a495-4833d2a99abc,True,NousResearch/Hermes-2-Pro-Mistral-7B,0.05789908766746521,1024,4096,8.296171188354492,-5.985609683565604,1.0299720764160156,-5.273635387420654,1.7366701822270862,-0.7214906187046537,model.layers.24.self_attn.v_proj,1024,54.53435516357422,1024,0.1898931860923767,287.18437078118785,0.1898931860923767,0.008990999311208725,4194304
Alphatao/6d2adfd1-9d48-4aec-a495-4833d2a99abc,True,NousResearch/Hermes-2-Pro-Mistral-7B,0.019995808601379395,4096,4096,5.485074043273926,-2.230738926958127,1.1566027402877808,-1.3984971046447754,2.209522295789028,-0.4066925823350682,model.layers.24.self_attn.o_proj,4049,162.00271606445312,4049,0.39201927185058594,413.25191820212035,0.39201927185058594,1.0101980478793848e-05,16777216
Alphatao/6d2adfd1-9d48-4aec-a495-4833d2a99abc,True,NousResearch/Hermes-2-Pro-Mistral-7B,0.03305983543395996,14336,4096,5.558679580688477,5.303102978465131,1.1880075931549072,5.303164005279541,2.849524155344901,0.9540220661195783,model.layers.24.mlp.gate_proj,4096,707.1705322265625,4096,8.99543285369873,78.61439729782309,8.99543285369873,0.00589749775826931,58720256
Alphatao/6d2adfd1-9d48-4aec-a495-4833d2a99abc,True,NousResearch/Hermes-2-Pro-Mistral-7B,0.051550716161727905,14336,4096,9.783427238464355,-0.5847536862115918,1.195447564125061,-0.5440935492515564,2.708607474075257,-0.05976982012117229,model.layers.24.mlp.up_proj,4096,511.2195739746094,4096,0.8714253306388855,586.6475944643573,0.8714253306388855,0.005485660396516323,58720256
Alphatao/6d2adfd1-9d48-4aec-a495-4833d2a99abc,True,NousResearch/Hermes-2-Pro-Mistral-7B,0.03589099645614624,4096,14336,4.390738487243652,0.42323436449037366,1.1914945840835571,1.034374475479126,2.7071306613796637,0.09639252388180033,model.layers.24.mlp.down_proj,4096,509.484130859375,4096,1.2485114336013794,408.07326000191154,1.2485114336013794,0.005018219351768494,58720256
Alphatao/6d2adfd1-9d48-4aec-a495-4833d2a99abc,True,NousResearch/Hermes-2-Pro-Mistral-7B,0.03262227773666382,4096,4096,4.476849555969238,2.0714087624050315,1.1429297924041748,2.0756783485412598,2.2965460587251165,0.4626934044819765,model.layers.25.self_attn.q_proj,4046,197.94569396972656,4046,2.901973247528076,68.21072321681059,2.901973247528076,1.0294162166246679e-05,16777216
Alphatao/6d2adfd1-9d48-4aec-a495-4833d2a99abc,True,NousResearch/Hermes-2-Pro-Mistral-7B,0.05309414863586426,1024,4096,5.108348369598389,-0.11703173254286432,1.0007802248001099,-0.07101844996213913,1.8202978332562905,-0.022909896521420132,model.layers.25.self_attn.k_proj,1024,66.11466979980469,1024,0.9486152529716492,69.69598010646854,0.9486152529716492,0.001934116124175489,4194304
Alphatao/6d2adfd1-9d48-4aec-a495-4833d2a99abc,True,NousResearch/Hermes-2-Pro-Mistral-7B,0.09441319108009338,1024,4096,5.367901802062988,-3.7743220710729846,1.0256248712539673,-2.300187349319458,1.7956371697254188,-0.7031280023830614,model.layers.25.self_attn.v_proj,1024,62.46506118774414,1024,0.19809430837631226,315.32991381600743,0.19809430837631226,0.009786972776055336,4194304
Alphatao/6d2adfd1-9d48-4aec-a495-4833d2a99abc,True,NousResearch/Hermes-2-Pro-Mistral-7B,0.02806173264980316,4096,4096,6.060967922210693,-2.004756670267012,1.1546401977539062,-1.4574471712112427,2.235264681516516,-0.3307651015476406,model.layers.25.self_attn.o_proj,4049,171.89556884765625,4049,0.46691185235977173,368.154220071511,0.46691185235977173,1.0129890142707154e-05,16777216
Alphatao/6d2adfd1-9d48-4aec-a495-4833d2a99abc,True,NousResearch/Hermes-2-Pro-Mistral-7B,0.03899306058883667,14336,4096,5.66721248626709,5.431451348243305,1.1885486841201782,5.431515216827393,2.8489962918019165,0.958399100334585,model.layers.25.mlp.gate_proj,4096,706.3115234375,4096,9.086551666259766,77.73152559734844,9.086551666259766,0.004647898022085428,58720256
Alphatao/6d2adfd1-9d48-4aec-a495-4833d2a99abc,True,NousResearch/Hermes-2-Pro-Mistral-7B,0.06026482582092285,14336,4096,10.16055965423584,-0.11642222216281613,1.1957346200942993,-0.09480853378772736,2.7131849102505674,-0.011458248967051813,model.layers.25.mlp.up_proj,4096,516.6362915039062,4096,0.9739614129066467,530.4484188568416,0.9739614129066467,0.0049010273069143295,58720256
Alphatao/6d2adfd1-9d48-4aec-a495-4833d2a99abc,True,NousResearch/Hermes-2-Pro-Mistral-7B,0.031535804271698,4096,14336,4.40967321395874,0.4648476148580048,1.1891083717346191,1.2355186939239502,2.712449567018776,0.10541543382093216,model.layers.25.mlp.down_proj,4096,515.7622680664062,4096,1.2747218608856201,404.607690424386,1.2747218608856201,0.004940537270158529,58720256
Alphatao/6d2adfd1-9d48-4aec-a495-4833d2a99abc,True,NousResearch/Hermes-2-Pro-Mistral-7B,0.0284559428691864,4096,4096,3.4737117290496826,1.7674271747098524,1.1410484313964844,1.790286898612976,2.2843508949868814,0.5088007620002983,model.layers.26.self_attn.q_proj,4046,192.46461486816406,4046,3.227013349533081,59.64171635546903,3.227013349533081,1.0176588148169685e-05,16777216
Alphatao/6d2adfd1-9d48-4aec-a495-4833d2a99abc,True,NousResearch/Hermes-2-Pro-Mistral-7B,0.03380516171455383,1024,4096,4.758242607116699,0.12128775971821142,0.9975979328155518,0.15109674632549286,1.7880107777821406,0.02549003271434847,model.layers.26.self_attn.k_proj,1024,61.377723693847656,1024,1.0604496002197266,57.87896348975954,1.0604496002197266,0.002592149656265974,4194304
Alphatao/6d2adfd1-9d48-4aec-a495-4833d2a99abc,True,NousResearch/Hermes-2-Pro-Mistral-7B,0.04291117191314697,1024,4096,10.340388298034668,-6.35372596807419,1.025370717048645,-6.032308101654053,1.7853386616119082,-0.6144571929935941,model.layers.26.self_attn.v_proj,1024,61.00123977661133,1024,0.2429644912481308,251.0705966260435,0.2429644912481308,0.009346353821456432,4194304
Alphatao/6d2adfd1-9d48-4aec-a495-4833d2a99abc,True,NousResearch/Hermes-2-Pro-Mistral-7B,0.02527797222137451,4096,4096,4.956352233886719,-0.06907025039680845,1.1512328386306763,0.0345921516418457,2.240460272368586,-0.013935702536347844,model.layers.26.self_attn.o_proj,4047,173.96435546875,4047,0.968421220779419,179.63707500000615,0.968421220779419,1.0209048923570663e-05,16777216
Alphatao/6d2adfd1-9d48-4aec-a495-4833d2a99abc,True,NousResearch/Hermes-2-Pro-Mistral-7B,0.040519535541534424,14336,4096,5.587987899780273,5.2846355076983516,1.1887964010238647,5.28476619720459,2.8447793061582227,0.9457134844379584,model.layers.26.mlp.gate_proj,4096,699.4864501953125,4096,8.82497501373291,79.26214511733038,8.82497501373291,0.002935615601018071,58720256
Alphatao/6d2adfd1-9d48-4aec-a495-4833d2a99abc,True,NousResearch/Hermes-2-Pro-Mistral-7B,0.06093412637710571,14336,4096,9.868870735168457,0.3555475525666442,1.1958582401275635,0.3704774081707001,2.7224216119820173,0.03602717697979608,model.layers.26.mlp.up_proj,4096,527.741943359375,4096,1.0864936113357544,485.72944916865157,1.0864936113357544,0.0030737193301320076,58720256
Alphatao/6d2adfd1-9d48-4aec-a495-4833d2a99abc,True,NousResearch/Hermes-2-Pro-Mistral-7B,0.02914261817932129,4096,14336,3.9066379070281982,0.058966885261234926,1.1864954233169556,1.3945692777633667,2.722744355290329,0.01509402372693695,model.layers.26.mlp.down_proj,4096,528.13427734375,4096,1.0353662967681885,510.0941367246337,1.0353662967681885,0.0048174867406487465,58720256
Alphatao/6d2adfd1-9d48-4aec-a495-4833d2a99abc,True,NousResearch/Hermes-2-Pro-Mistral-7B,0.028844773769378662,4096,4096,4.349596977233887,2.173260595544293,1.145810604095459,2.1759161949157715,2.2941672778052222,0.4996464286046041,model.layers.27.self_attn.q_proj,4047,196.86444091796875,4047,3.1597042083740234,62.30470573676728,3.1597042083740234,1.0468941582075786e-05,16777216
Alphatao/6d2adfd1-9d48-4aec-a495-4833d2a99abc,True,NousResearch/Hermes-2-Pro-Mistral-7B,0.027832895517349243,1024,4096,5.098189830780029,0.40494745633221574,1.0094090700149536,0.4104570150375366,1.8278139683963048,0.0794296544015228,model.layers.27.self_attn.k_proj,1024,67.26884460449219,1024,1.2006865739822388,56.025315900207,1.2006865739822388,0.0011619003489613533,4194304
Alphatao/6d2adfd1-9d48-4aec-a495-4833d2a99abc,True,NousResearch/Hermes-2-Pro-Mistral-7B,0.04649066925048828,1024,4096,8.983135223388672,-4.798165046731245,1.0249820947647095,-4.531294345855713,1.8142499638945409,-0.5341303372834292,model.layers.27.self_attn.v_proj,1024,65.20035552978516,1024,0.29232749342918396,223.03873906947408,0.29232749342918396,0.008246124722063541,4194304
Alphatao/6d2adfd1-9d48-4aec-a495-4833d2a99abc,True,NousResearch/Hermes-2-Pro-Mistral-7B,0.012319207191467285,4096,4096,4.254359245300293,0.2379985355590667,1.1476953029632568,0.4525279402732849,2.229041917321443,0.05594227516681366,model.layers.27.self_attn.o_proj,4045,169.45013427734375,4045,1.1374760866165161,148.97028277876356,1.1374760866165161,1.0504859346838202e-05,16777216
Alphatao/6d2adfd1-9d48-4aec-a495-4833d2a99abc,True,NousResearch/Hermes-2-Pro-Mistral-7B,0.02926480770111084,14336,4096,5.6134138107299805,5.385228401219165,1.1892162561416626,5.385364532470703,2.845698392340374,0.9593499753973881,model.layers.27.mlp.gate_proj,4096,700.9683227539062,4096,9.106468200683594,76.97477301916969,9.106468200683594,0.006010354030877352,58720256
Alphatao/6d2adfd1-9d48-4aec-a495-4833d2a99abc,True,NousResearch/Hermes-2-Pro-Mistral-7B,0.06834197044372559,14336,4096,9.12575912475586,1.6196727884336661,1.196110486984253,1.6206040382385254,2.729002254127251,0.17748362259967027,model.layers.27.mlp.up_proj,4096,535.7994384765625,4096,1.5048167705535889,356.056264763353,1.5048167705535889,0.0064849890768527985,58720256
Alphatao/6d2adfd1-9d48-4aec-a495-4833d2a99abc,True,NousResearch/Hermes-2-Pro-Mistral-7B,0.0401570200920105,4096,14336,3.6235294342041016,0.21003267332937026,1.1849024295806885,1.6212263107299805,2.729351734232171,0.05796356208584335,model.layers.27.mlp.down_proj,4096,536.2307739257812,4096,1.14278244972229,469.23259458184,1.14278244972229,0.00596153037622571,58720256
Alphatao/6d2adfd1-9d48-4aec-a495-4833d2a99abc,True,NousResearch/Hermes-2-Pro-Mistral-7B,0.03057926893234253,4096,4096,3.3432180881500244,1.8148719664641662,1.1342772245407104,1.8418761491775513,2.2652213665341514,0.5428518028473663,model.layers.28.self_attn.q_proj,4039,184.17105102539062,4039,3.4902119636535645,52.76786995841932,3.4902119636535645,1.0242923053738195e-05,16777216
Alphatao/6d2adfd1-9d48-4aec-a495-4833d2a99abc,True,NousResearch/Hermes-2-Pro-Mistral-7B,0.04377123713493347,1024,4096,5.186522483825684,0.080202528281787,0.9907885193824768,0.09192880988121033,1.7355389741154388,0.015463642263559224,model.layers.28.self_attn.k_proj,1024,54.392494201660156,1024,1.0362478494644165,52.489850019735,1.0362478494644165,0.0017027300782501698,4194304
Alphatao/6d2adfd1-9d48-4aec-a495-4833d2a99abc,True,NousResearch/Hermes-2-Pro-Mistral-7B,0.06474125385284424,1024,4096,3.311490774154663,-1.3329110473026407,1.0194119215011597,-0.11994577199220657,1.8772590623321357,-0.40251087446948963,model.layers.28.self_attn.v_proj,1024,75.38050842285156,1024,0.39581215381622314,190.44515863414082,0.39581215381622314,0.008308617398142815,4194304
Alphatao/6d2adfd1-9d48-4aec-a495-4833d2a99abc,True,NousResearch/Hermes-2-Pro-Mistral-7B,0.02076113224029541,4096,4096,5.608333587646484,-0.3909341242811453,1.1456682682037354,-0.28822752833366394,2.282840006556644,-0.06970593281795125,model.layers.28.self_attn.o_proj,4044,191.79620361328125,4044,0.851714551448822,225.18836068612822,0.851714551448822,1.039149265125161e-05,16777216
Alphatao/6d2adfd1-9d48-4aec-a495-4833d2a99abc,True,NousResearch/Hermes-2-Pro-Mistral-7B,0.02985823154449463,14336,4096,4.868863105773926,4.648727834625215,1.1882994174957275,4.650670051574707,2.841225003739425,0.9547871307189444,model.layers.28.mlp.gate_proj,4096,693.78515625,4096,9.011293411254883,76.99062993370957,9.011293411254883,0.0069790310226380825,58720256
Alphatao/6d2adfd1-9d48-4aec-a495-4833d2a99abc,True,NousResearch/Hermes-2-Pro-Mistral-7B,0.05447685718536377,14336,4096,7.486628532409668,2.9480677430700166,1.19524085521698,2.948456287384033,2.7411882552184643,0.3937777505999944,model.layers.28.mlp.up_proj,4096,551.0465087890625,4096,2.4761545658111572,222.54124051765183,2.4761545658111572,0.006735602393746376,58720256
Alphatao/6d2adfd1-9d48-4aec-a495-4833d2a99abc,True,NousResearch/Hermes-2-Pro-Mistral-7B,0.024479568004608154,4096,14336,4.368991851806641,-0.5055907382343189,1.190363883972168,1.0465930700302124,2.73859883951985,-0.1157225180049832,model.layers.28.mlp.down_proj,4096,547.770751953125,4096,0.7660859227180481,715.0252154610179,0.7660859227180481,0.005175189580768347,58720256
Alphatao/6d2adfd1-9d48-4aec-a495-4833d2a99abc,True,NousResearch/Hermes-2-Pro-Mistral-7B,0.02155536413192749,4096,4096,3.2338573932647705,1.7372025574073602,1.129857063293457,1.7758255004882812,2.2296644568496453,0.537192073164844,model.layers.29.self_attn.q_proj,4032,169.69320678710938,4032,3.4450225830078125,49.257502004225486,3.4450225830078125,1.0028255928773433e-05,16777216
Alphatao/6d2adfd1-9d48-4aec-a495-4833d2a99abc,True,NousResearch/Hermes-2-Pro-Mistral-7B,0.029001325368881226,1024,4096,3.8026773929595947,0.039581177622641114,0.9878655672073364,0.1177423819899559,1.6844437475329963,0.010408765596556532,model.layers.29.self_attn.k_proj,1024,48.355262756347656,1024,1.0242565870285034,47.21010669468314,1.0242565870285034,0.0008418764336965978,4194304
Alphatao/6d2adfd1-9d48-4aec-a495-4833d2a99abc,True,NousResearch/Hermes-2-Pro-Mistral-7B,0.10332554578781128,1024,4096,7.009524822235107,-4.217225835099644,1.0286967754364014,-2.6762313842773438,1.979233563666615,-0.6016421857473228,model.layers.29.self_attn.v_proj,1024,95.33087158203125,1024,0.25024062395095825,380.95681699033025,0.25024062395095825,0.0076600355096161366,4194304
Alphatao/6d2adfd1-9d48-4aec-a495-4833d2a99abc,True,NousResearch/Hermes-2-Pro-Mistral-7B,0.04694944620132446,4096,4096,6.271324634552002,-0.5067452508260707,1.1460671424865723,-0.2567881643772125,2.3249996936170523,-0.08080354316760235,model.layers.29.self_attn.o_proj,4044,211.3487548828125,4044,0.8302262425422668,254.5676636715717,0.8302262425422668,1.0071646102005616e-05,16777216
Alphatao/6d2adfd1-9d48-4aec-a495-4833d2a99abc,True,NousResearch/Hermes-2-Pro-Mistral-7B,0.03388679027557373,14336,4096,4.342887878417969,3.87809806246179,1.1870920658111572,3.8878700733184814,2.835944966392936,0.8929767866525045,model.layers.29.mlp.gate_proj,4096,685.4013671875,4096,7.815860271453857,87.69365666512944,7.815860271453857,0.007951616309583187,58720256
Alphatao/6d2adfd1-9d48-4aec-a495-4833d2a99abc,True,NousResearch/Hermes-2-Pro-Mistral-7B,0.04426383972167969,14336,4096,6.0091023445129395,3.2820111135612042,1.1928811073303223,3.3152451515197754,2.7528770282991046,0.5461732760398215,model.layers.29.mlp.up_proj,4096,566.0789794921875,4096,3.517007350921631,160.95473310394038,3.517007350921631,0.008080259896814823,58720256
Alphatao/6d2adfd1-9d48-4aec-a495-4833d2a99abc,True,NousResearch/Hermes-2-Pro-Mistral-7B,0.0287511944770813,4096,14336,8.306164741516113,-0.2376488503423395,1.1942812204360962,-0.16349360346794128,2.7419537717068088,-0.028611140970334497,model.layers.29.mlp.down_proj,4096,552.0186767578125,4096,0.9362435936927795,589.6100977102683,0.9362435936927795,0.0059832422994077206,58720256
Alphatao/6d2adfd1-9d48-4aec-a495-4833d2a99abc,True,NousResearch/Hermes-2-Pro-Mistral-7B,0.03184053301811218,4096,4096,3.9560065269470215,2.317921925668824,1.1217468976974487,2.325824022293091,2.2293983942509525,0.5859246970094459,model.layers.30.self_attn.q_proj,4033,169.5892791748047,4033,3.8541152477264404,44.0021297429666,3.8541152477264404,1.0133251635124907e-05,16777216
Alphatao/6d2adfd1-9d48-4aec-a495-4833d2a99abc,True,NousResearch/Hermes-2-Pro-Mistral-7B,0.04769939184188843,1024,4096,4.4630632400512695,-0.01500843974543175,0.9784117341041565,0.019832216203212738,1.6614388969245888,-0.003362811355829979,model.layers.30.self_attn.k_proj,1024,45.860511779785156,1024,0.992286741733551,46.21699540161711,0.992286741733551,0.0012400646228343248,4194304
Alphatao/6d2adfd1-9d48-4aec-a495-4833d2a99abc,True,NousResearch/Hermes-2-Pro-Mistral-7B,0.04942852258682251,1024,4096,10.632074356079102,-2.7967154244945753,1.0149035453796387,-2.7101776599884033,1.9865814963883182,-0.26304513407541186,model.layers.30.self_attn.v_proj,1024,96.95751953125,1024,0.5457011461257935,177.67512533114532,0.5457011461257935,0.008246071636676788,4194304
Alphatao/6d2adfd1-9d48-4aec-a495-4833d2a99abc,True,NousResearch/Hermes-2-Pro-Mistral-7B,0.01742243766784668,4096,4096,4.832962989807129,1.3738303643597018,1.1403263807296753,1.3951174020767212,2.3378116035682934,0.2842625460317311,model.layers.30.self_attn.o_proj,4045,217.67652893066406,4045,1.9242546558380127,113.1225164352615,1.9242546558380127,1.0379766536061652e-05,16777216
Alphatao/6d2adfd1-9d48-4aec-a495-4833d2a99abc,True,NousResearch/Hermes-2-Pro-Mistral-7B,0.01976191997528076,14336,4096,3.6388533115386963,3.1005482416941734,1.1867282390594482,3.16606068611145,2.8423534609243166,0.8520673894334863,model.layers.30.mlp.gate_proj,4096,695.5902099609375,4096,7.11323881149292,97.78811430273738,7.11323881149292,0.008672615513205528,58720256
Alphatao/6d2adfd1-9d48-4aec-a495-4833d2a99abc,True,NousResearch/Hermes-2-Pro-Mistral-7B,0.04392510652542114,14336,4096,5.230294704437256,4.512940328433473,1.1891855001449585,4.513228893280029,2.766268122565727,0.8628462798864476,model.layers.30.mlp.up_proj,4096,583.805419921875,4096,7.291993618011475,80.06115343818398,7.291993618011475,0.008874570950865746,58720256
Alphatao/6d2adfd1-9d48-4aec-a495-4833d2a99abc,True,NousResearch/Hermes-2-Pro-Mistral-7B,0.024580836296081543,4096,14336,6.949673652648926,0.8736342044441413,1.1935960054397583,0.9083094596862793,2.7434380361697928,0.1257086660624918,model.layers.30.mlp.down_proj,4096,553.9085083007812,4096,1.335699200630188,414.69554525408495,1.335699200630188,0.00851989071816206,58720256
Alphatao/6d2adfd1-9d48-4aec-a495-4833d2a99abc,True,NousResearch/Hermes-2-Pro-Mistral-7B,0.02884766459465027,4096,4096,3.88135027885437,2.4238517398025192,1.1112455129623413,2.4342525005340576,2.219228547156681,0.6244867290148185,model.layers.31.self_attn.q_proj,4029,165.66415405273438,4029,4.211984157562256,39.33161850936657,4.211984157562256,1.0080026186187752e-05,16777216
Alphatao/6d2adfd1-9d48-4aec-a495-4833d2a99abc,True,NousResearch/Hermes-2-Pro-Mistral-7B,0.04205876588821411,1024,4096,3.817991018295288,0.059107953057736924,0.9738770127296448,0.14988583326339722,1.6550072423205178,0.01548142800087788,model.layers.31.self_attn.k_proj,1024,45.18634796142578,1024,1.0362902879714966,43.60394812719565,1.0362902879714966,0.001277184346690774,4194304
Alphatao/6d2adfd1-9d48-4aec-a495-4833d2a99abc,True,NousResearch/Hermes-2-Pro-Mistral-7B,0.046444058418273926,1024,4096,2.816194534301758,-0.6739035301527558,1.0099369287490845,0.7269835472106934,1.99866077996966,-0.23929580217008775,model.layers.31.self_attn.v_proj,1024,99.69210815429688,1024,0.5763737559318542,172.96434323786883,0.5763737559318542,1.4460402780969162e-05,4194304
Alphatao/6d2adfd1-9d48-4aec-a495-4833d2a99abc,True,NousResearch/Hermes-2-Pro-Mistral-7B,0.06550654768943787,4096,4096,3.6709837913513184,3.6381914324857894,1.1172902584075928,3.639672040939331,2.3674248002361775,0.9910671469204559,model.layers.31.self_attn.o_proj,4036,233.03695678710938,4036,9.796414375305176,23.78798485439218,9.796414375305176,1.0384981578681618e-05,16777216
Alphatao/6d2adfd1-9d48-4aec-a495-4833d2a99abc,True,NousResearch/Hermes-2-Pro-Mistral-7B,0.020903825759887695,14336,4096,3.4892659187316895,3.0039222937824026,1.186769723892212,3.18476939201355,2.8810290147343607,0.8609038014718855,model.layers.31.mlp.gate_proj,4096,760.3770751953125,4096,7.259451389312744,104.74304935972549,7.259451389312744,0.008703527972102165,58720256
Alphatao/6d2adfd1-9d48-4aec-a495-4833d2a99abc,True,NousResearch/Hermes-2-Pro-Mistral-7B,0.027001380920410156,14336,4096,4.1879072189331055,5.526134734287026,1.1735029220581055,5.526347637176514,2.7869807444303536,1.31954564544886,model.layers.31.mlp.up_proj,4096,612.3232421875,4096,20.87111473083496,29.33831039138769,20.87111473083496,0.010172752663493156,58720256
Alphatao/6d2adfd1-9d48-4aec-a495-4833d2a99abc,True,NousResearch/Hermes-2-Pro-Mistral-7B,0.03521156311035156,4096,14336,5.8317437171936035,2.9740171103384907,1.191532015800476,2.975487232208252,2.7149026134449152,0.509970474451794,model.layers.31.mlp.down_proj,4096,518.6837158203125,4096,3.2357165813446045,160.29948939618595,3.2357165813446045,0.016039066016674042,58720256
Alphatao/6d2adfd1-9d48-4aec-a495-4833d2a99abc,True,NousResearch/Hermes-2-Pro-Mistral-7B,0.026770949363708496,32032,4096,4.079689025878906,9.844121003404792,1.1348506212234497,9.844121932983398,3.383827721241542,2.4129586693887846,lm_head,4096,2420.06884765625,4096,258.7966613769531,9.351236738449543,258.7966613769531,0.0041326130740344524,131203072
