model_id,is_adapter,source_model,D,M,N,alpha,alpha_weighted,entropy,log_alpha_norm,log_norm,log_spectral_norm,longname,matrix_rank,norm,num_evals,spectral_norm,stable_rank,xmax,xmin,params
ArchSid/En-Mr_Mono-AG-openchat,True,openchat/openchat-3.5-0106,0.028824329376220703,4096,4096,1.4276899099349976,2.4632481664854913,0.5974133014678955,2.9612526893615723,2.443779261043767,1.7253383590822202,model.layers.0.self_attn.q_proj,2091,277.830078125,2138,53.12982177734375,5.229268023697298,53.12982177734375,1.0047027899418026e-05,16777216
ArchSid/En-Mr_Mono-AG-openchat,True,openchat/openchat-3.5-0106,0.023618221282958984,1024,4096,1.4524585008621216,1.6345851041905588,0.5872628688812256,2.1272926330566406,1.8791428686419078,1.1253919497323566,model.layers.0.self_attn.k_proj,967,75.70819091796875,967,13.347254753112793,5.67219194646093,13.347254753112793,1.001262899080757e-05,4194304
ArchSid/En-Mr_Mono-AG-openchat,True,openchat/openchat-3.5-0106,0.027143895626068115,1024,4096,4.017104148864746,-2.3155276354162955,0.9620583057403564,-1.972745418548584,1.2308495609494006,-0.5764171277637089,model.layers.0.self_attn.v_proj,1024,17.015689849853516,1024,0.2652057111263275,64.16034472858053,0.2652057111263275,0.0004984158440493047,4194304
ArchSid/En-Mr_Mono-AG-openchat,True,openchat/openchat-3.5-0106,0.03734636306762695,4096,4096,3.453105926513672,-0.35369116301036624,1.0864744186401367,0.09743458777666092,1.8174552920982123,-0.10242696590760546,model.layers.0.self_attn.o_proj,3937,65.683349609375,3937,0.7899016737937927,83.15383013927114,0.7899016737937927,1.0200091310252901e-05,16777216
ArchSid/En-Mr_Mono-AG-openchat,True,openchat/openchat-3.5-0106,0.019961059093475342,14336,4096,2.3813259601593018,1.3985110441056752,1.1346917152404785,2.5964272022247314,2.772373285299753,0.5872824919827944,model.layers.0.mlp.gate_proj,4096,592.0703125,4096,3.8661837577819824,153.14075832744922,3.8661837577819824,0.00029510565218515694,58720256
ArchSid/En-Mr_Mono-AG-openchat,True,openchat/openchat-3.5-0106,0.047083258628845215,14336,4096,3.2535722255706787,0.6190667139349967,1.1636070013046265,1.9039931297302246,2.722226685005997,0.19027292803571066,model.layers.0.mlp.up_proj,4096,527.505126953125,4096,1.5497902631759644,340.3719454735222,1.5497902631759644,0.00037033684202469885,58720256
ArchSid/En-Mr_Mono-AG-openchat,True,openchat/openchat-3.5-0106,0.031156420707702637,4096,14336,4.064833641052246,0.8407862523329187,1.1869407892227173,1.4185751676559448,2.6975173138055863,0.20684395145757256,model.layers.0.mlp.down_proj,4096,498.330322265625,4096,1.6100670099258423,309.50905719668,1.6100670099258423,0.009852326475083828,58720256
ArchSid/En-Mr_Mono-AG-openchat,True,openchat/openchat-3.5-0106,0.05510661005973816,4096,4096,2.5333361625671387,2.288207661301075,0.9475749135017395,2.854682683944702,2.4266448194030277,0.9032388575633545,model.layers.1.self_attn.q_proj,3108,267.0821228027344,3108,8.002742767333984,33.37382327130696,8.002742767333984,1.0064865819003899e-05,16777216
ArchSid/En-Mr_Mono-AG-openchat,True,openchat/openchat-3.5-0106,0.03884488344192505,1024,4096,2.962113380432129,1.7663838057919903,0.8380144834518433,2.172522783279419,1.992613930163507,0.5963255213189378,model.layers.1.self_attn.k_proj,968,98.31367492675781,968,3.947530746459961,24.905106822770883,3.947530746459961,1.0292255865351763e-05,4194304
ArchSid/En-Mr_Mono-AG-openchat,True,openchat/openchat-3.5-0106,0.0644233226776123,1024,4096,7.675713539123535,-5.649066925303672,1.0120173692703247,-5.5865044593811035,1.4072556109274375,-0.7359663562885804,model.layers.1.self_attn.v_proj,1024,25.542041778564453,1024,0.18366806209087372,139.06632153567875,0.18366806209087372,0.0021949608344584703,4194304
ArchSid/En-Mr_Mono-AG-openchat,True,openchat/openchat-3.5-0106,0.0245247483253479,4096,4096,3.628344774246216,0.013804675599632827,1.138205885887146,0.13563726842403412,2.006413448978562,0.0038046758118516263,model.layers.1.self_attn.o_proj,4021,101.48770904541016,4021,1.0087990760803223,100.60249999409153,1.0087990760803223,1.0002806448028423e-05,16777216
ArchSid/En-Mr_Mono-AG-openchat,True,openchat/openchat-3.5-0106,0.019506514072418213,14336,4096,2.6910152435302734,2.0050984141329398,1.1589447259902954,2.4570186138153076,2.7671496130492064,0.7451085306757693,model.layers.1.mlp.gate_proj,4096,584.9915771484375,4096,5.560431957244873,105.2061389558472,5.560431957244873,0.0004672475333791226,58720256
ArchSid/En-Mr_Mono-AG-openchat,True,openchat/openchat-3.5-0106,0.05811697244644165,14336,4096,3.4217991828918457,0.07267180471668794,1.1784604787826538,1.4893310070037842,2.7143310902219993,0.021237892942411435,model.layers.1.mlp.up_proj,4096,518.0015869140625,4096,1.0501174926757812,493.2796477793681,1.0501174926757812,0.0004167838196735829,58720256
ArchSid/En-Mr_Mono-AG-openchat,True,openchat/openchat-3.5-0106,0.023326724767684937,4096,14336,5.256062984466553,0.14641963187382281,1.1942628622055054,0.5345660448074341,2.7041198962408863,0.027857282590894067,model.layers.1.mlp.down_proj,4096,505.9643249511719,4096,1.066245675086975,474.5288414979031,1.066245675086975,0.008235055953264236,58720256
ArchSid/En-Mr_Mono-AG-openchat,True,openchat/openchat-3.5-0106,0.028778910636901855,4096,4096,3.843001127243042,1.9159813622784538,1.116019368171692,2.0835812091827393,2.4912577901596586,0.49856383041265806,model.layers.2.self_attn.q_proj,4001,309.92584228515625,4001,3.1518375873565674,98.33179334125833,3.1518375873565674,1.0015060979640111e-05,16777216
ArchSid/En-Mr_Mono-AG-openchat,True,openchat/openchat-3.5-0106,0.033200860023498535,1024,4096,5.737647533416748,1.1592908133414528,0.9878928065299988,1.1929962635040283,2.10226818191598,0.20204984823302652,model.layers.2.self_attn.k_proj,1024,126.5517578125,1024,1.5923914909362793,79.4727669249798,1.5923914909362793,1.11542522063246e-05,4194304
ArchSid/En-Mr_Mono-AG-openchat,True,openchat/openchat-3.5-0106,0.03146354854106903,1024,4096,7.531844615936279,-6.603707987990426,1.0201759338378906,-6.511886119842529,1.3406233950160908,-0.8767716707827387,model.layers.2.self_attn.v_proj,1024,21.909042358398438,1024,0.13280925154685974,164.96623618625065,0.13280925154685974,0.002537006279453635,4194304
ArchSid/En-Mr_Mono-AG-openchat,True,openchat/openchat-3.5-0106,0.01815640926361084,4096,4096,4.050494194030762,-0.276117844954216,1.1370376348495483,-0.19881516695022583,1.9475711278772074,-0.06816892747584544,model.layers.2.self_attn.o_proj,4017,88.62803649902344,4017,0.8547341823577881,103.69075945288932,0.8547341823577881,1.0093059245264158e-05,16777216
ArchSid/En-Mr_Mono-AG-openchat,True,openchat/openchat-3.5-0106,0.029757976531982422,14336,4096,3.951850652694702,2.1378752447398806,1.183199405670166,2.2529985904693604,2.758859706036754,0.5409807790388279,model.layers.2.mlp.gate_proj,4096,573.9310302734375,4096,3.475207805633545,165.15013270373552,3.475207805633545,0.0006514010601677,58720256
ArchSid/En-Mr_Mono-AG-openchat,True,openchat/openchat-3.5-0106,0.014963597059249878,14336,4096,9.412734985351562,-1.683268408932099,1.1922303438186646,-1.3606053590774536,2.7059769272354233,-0.178828832592404,model.layers.2.mlp.up_proj,4096,508.1324462890625,4096,0.6624775528907776,767.0183602022182,0.6624775528907776,0.000696102564688772,58720256
ArchSid/En-Mr_Mono-AG-openchat,True,openchat/openchat-3.5-0106,0.011489152908325195,4096,14336,4.390342712402344,0.1418944548891009,1.1897941827774048,1.047146201133728,2.700783205163371,0.03231967620392394,model.layers.2.mlp.down_proj,4096,502.0918884277344,4096,1.0772578716278076,466.08328576800324,1.0772578716278076,0.010280836373567581,58720256
ArchSid/En-Mr_Mono-AG-openchat,True,openchat/openchat-3.5-0106,0.030074268579483032,4096,4096,2.913527488708496,2.0090767727607184,1.094813585281372,2.340933084487915,2.4919828866946725,0.689568497481827,model.layers.3.self_attn.q_proj,3948,310.4437255859375,3948,4.8929243087768555,63.44748170926497,4.8929243087768555,1.0120602382812649e-05,16777216
ArchSid/En-Mr_Mono-AG-openchat,True,openchat/openchat-3.5-0106,0.0472334623336792,1024,4096,3.910998582839966,1.4945308729304245,0.9560574889183044,1.7403678894042969,2.1256295617419325,0.38213536550176225,model.layers.3.self_attn.k_proj,1024,133.54559326171875,1024,2.410656690597534,55.39801406919396,2.410656690597534,1.2017826520605013e-05,4194304
ArchSid/En-Mr_Mono-AG-openchat,True,openchat/openchat-3.5-0106,0.03865090012550354,1024,4096,6.121070384979248,-4.07861513555235,1.026587724685669,-4.031461715698242,1.447979805897686,-0.6663238419151387,model.layers.3.self_attn.v_proj,1024,28.05303192138672,1024,0.21561360359191895,130.10789418686812,0.21561360359191895,0.0037779456470161676,4194304
ArchSid/En-Mr_Mono-AG-openchat,True,openchat/openchat-3.5-0106,0.02892056107521057,4096,4096,3.966470241546631,-0.5951225875934825,1.1498101949691772,-0.4236135482788086,2.0420178057099827,-0.15003833417427292,model.layers.3.self_attn.o_proj,4034,110.158447265625,4034,0.7078832983970642,155.61667793980808,0.7078832983970642,1.039717608364299e-05,16777216
ArchSid/En-Mr_Mono-AG-openchat,True,openchat/openchat-3.5-0106,0.02133619785308838,14336,4096,3.537710428237915,1.7724244184911688,1.182538628578186,2.0768532752990723,2.75983948542891,0.501008902352132,model.layers.3.mlp.gate_proj,4096,575.227294921875,4096,3.1696324348449707,181.48075738946363,3.1696324348449707,0.001092646038159728,58720256
ArchSid/En-Mr_Mono-AG-openchat,True,openchat/openchat-3.5-0106,0.020560383796691895,14336,4096,9.308062553405762,-1.5759508021381505,1.1939995288848877,-1.392367959022522,2.700125585751187,-0.1693102934252972,model.layers.3.mlp.up_proj,4096,501.3321838378906,4096,0.6771575212478638,740.3479517055902,0.6771575212478638,0.0009642418008297682,58720256
ArchSid/En-Mr_Mono-AG-openchat,True,openchat/openchat-3.5-0106,0.028600454330444336,4096,14336,6.339143753051758,-0.03491139153496213,1.1895335912704468,0.42242592573165894,2.699092874478752,-0.005507272416429312,model.layers.3.mlp.down_proj,4096,500.1414794921875,4096,0.9873991012573242,506.5241388768963,0.9873991012573242,0.009627829305827618,58720256
ArchSid/En-Mr_Mono-AG-openchat,True,openchat/openchat-3.5-0106,0.044009387493133545,4096,4096,4.652775764465332,2.378561807438797,1.102341651916504,2.468597888946533,2.434127607367307,0.5112135051950277,model.layers.4.self_attn.q_proj,4005,271.7237548828125,4005,3.2449910640716553,83.73636460553666,3.2449910640716553,1.0087951523019001e-05,16777216
ArchSid/En-Mr_Mono-AG-openchat,True,openchat/openchat-3.5-0106,0.064787358045578,1024,4096,4.80712890625,0.647665630821679,0.9698620438575745,0.8920066952705383,2.0378552656325315,0.1347302399108988,model.layers.4.self_attn.k_proj,1024,109.107666015625,1024,1.3637357950210571,80.00645463290805,1.3637357950210571,0.00017242669127881527,4194304
ArchSid/En-Mr_Mono-AG-openchat,True,openchat/openchat-3.5-0106,0.03939932584762573,1024,4096,7.656141757965088,-5.301684302553439,1.0209946632385254,-5.285175323486328,1.4345456486758004,-0.6924746785203941,model.layers.4.self_attn.v_proj,1024,27.198543548583984,1024,0.20301368832588196,133.97393925932863,0.20301368832588196,0.0034547208342701197,4194304
ArchSid/En-Mr_Mono-AG-openchat,True,openchat/openchat-3.5-0106,0.04252731800079346,4096,4096,3.4351038932800293,-0.9635344358500528,1.1367955207824707,-0.1292726844549179,2.0284465291808833,-0.2804964466242144,model.layers.4.self_attn.o_proj,4025,106.76933288574219,4025,0.5242078900337219,203.6774625404318,0.5242078900337219,1.0081655091198627e-05,16777216
ArchSid/En-Mr_Mono-AG-openchat,True,openchat/openchat-3.5-0106,0.02574598789215088,14336,4096,3.220378875732422,2.162337354155366,1.1804085969924927,2.419924020767212,2.774860043144554,0.6714543342865451,model.layers.4.mlp.gate_proj,4096,595.47021484375,4096,4.69304084777832,126.88366331301907,4.69304084777832,0.0025147462729364634,58720256
ArchSid/En-Mr_Mono-AG-openchat,True,openchat/openchat-3.5-0106,0.02785593271255493,14336,4096,7.610396385192871,-1.618389564806729,1.1955978870391846,-1.0143663883209229,2.6895081867844177,-0.21265509480630213,model.layers.4.mlp.up_proj,4096,489.2244873046875,4096,0.6128368973731995,798.2947655430811,0.6128368973731995,0.0019056381424888968,58720256
ArchSid/En-Mr_Mono-AG-openchat,True,openchat/openchat-3.5-0106,0.01876223087310791,4096,14336,5.728377342224121,-0.0007121645456513586,1.191855549812317,0.36910444498062134,2.6874096078440526,-0.00012432221257527195,model.layers.4.mlp.down_proj,4096,486.8661804199219,4096,0.9997137784957886,487.0055718872668,0.9997137784957886,0.011201202869415283,58720256
ArchSid/En-Mr_Mono-AG-openchat,True,openchat/openchat-3.5-0106,0.03523540496826172,4096,4096,4.502674102783203,2.2017461584542355,1.1162406206130981,2.283517837524414,2.452931666390806,0.4889863463787635,model.layers.5.self_attn.q_proj,4027,283.74725341796875,4027,3.0830910205841064,92.0333689545797,3.0830910205841064,1.0323458809580188e-05,16777216
ArchSid/En-Mr_Mono-AG-openchat,True,openchat/openchat-3.5-0106,0.04639148712158203,1024,4096,5.280550956726074,0.6829606803607742,0.9817941188812256,0.8586143851280212,2.0625705377727828,0.1293351178613013,model.layers.5.self_attn.k_proj,1024,115.49695587158203,1024,1.3468992710113525,85.75025494286466,1.3468992710113525,0.000896125566214323,4194304
ArchSid/En-Mr_Mono-AG-openchat,True,openchat/openchat-3.5-0106,0.032386958599090576,1024,4096,6.444179534912109,-4.091360034448895,1.027814269065857,-4.08421516418457,1.3835759133911127,-0.6348923105390633,model.layers.5.self_attn.v_proj,1024,24.186660766601562,1024,0.23179693520069122,104.34417843212897,0.23179693520069122,0.0029544271528720856,4194304
ArchSid/En-Mr_Mono-AG-openchat,True,openchat/openchat-3.5-0106,0.036583006381988525,4096,4096,4.453732013702393,-1.8343634453814919,1.1489267349243164,-1.2177890539169312,2.0264943435303464,-0.4118710869306623,model.layers.5.self_attn.o_proj,4031,106.29047393798828,4031,0.38737261295318604,274.3881998463156,0.38737261295318604,1.0109237337019295e-05,16777216
ArchSid/En-Mr_Mono-AG-openchat,True,openchat/openchat-3.5-0106,0.01483483612537384,14336,4096,3.2629213333129883,2.544200825699397,1.1795331239700317,2.6355764865875244,2.791453089541987,0.7797309728935933,model.layers.5.mlp.gate_proj,4096,618.6614990234375,4096,6.021864414215088,102.73587322275773,6.021864414215088,0.0015665414975956082,58720256
ArchSid/En-Mr_Mono-AG-openchat,True,openchat/openchat-3.5-0106,0.015344440937042236,14336,4096,7.565140724182129,-1.1329742265268175,1.1955267190933228,-0.9195621013641357,2.677784169747427,-0.14976247869457893,model.layers.5.mlp.up_proj,4096,476.19427490234375,4096,0.7083330750465393,672.2745155886679,0.7083330750465393,0.0017324071377515793,58720256
ArchSid/En-Mr_Mono-AG-openchat,True,openchat/openchat-3.5-0106,0.0220373272895813,4096,14336,4.5794548988342285,-0.33135362956911724,1.1900348663330078,0.6672683954238892,2.676096814956027,-0.07235656576800624,model.layers.5.mlp.down_proj,4096,474.34771728515625,4096,0.8465321063995361,560.3422642794357,0.8465321063995361,0.007582641206681728,58720256
ArchSid/En-Mr_Mono-AG-openchat,True,openchat/openchat-3.5-0106,0.0254366397857666,4096,4096,3.861433506011963,2.062174843523143,1.1110539436340332,2.179450035095215,2.4371309740459353,0.5340438571096695,model.layers.6.self_attn.q_proj,4020,273.609375,4020,3.420139789581299,79.99947131795331,3.420139789581299,1.0101069165102672e-05,16777216
ArchSid/En-Mr_Mono-AG-openchat,True,openchat/openchat-3.5-0106,0.030376136302947998,1024,4096,5.169559001922607,1.1378541250620204,0.9760915040969849,1.211866855621338,2.0659698658208345,0.22010661347299487,model.layers.6.self_attn.k_proj,1024,116.40452575683594,1024,1.65999436378479,70.12344637811505,1.65999436378479,0.00044301297748461366,4194304
ArchSid/En-Mr_Mono-AG-openchat,True,openchat/openchat-3.5-0106,0.045515477657318115,1024,4096,5.831430435180664,-5.203092488332338,1.023777961730957,-4.689150810241699,1.4034338587467339,-0.8922497740764254,model.layers.6.self_attn.v_proj,1024,25.318260192871094,1024,0.1281593292951584,197.5530016590651,0.1281593292951584,0.0026661590673029423,4194304
ArchSid/En-Mr_Mono-AG-openchat,True,openchat/openchat-3.5-0106,0.03262573480606079,4096,4096,4.06362771987915,-1.9008578387286093,1.1419703960418701,-0.762988805770874,2.0347112807662993,-0.4677736175067581,model.layers.6.self_attn.o_proj,4026,108.3206558227539,4026,0.3405856788158417,318.04230935183875,0.3405856788158417,1.0184605343965814e-05,16777216
ArchSid/En-Mr_Mono-AG-openchat,True,openchat/openchat-3.5-0106,0.00944674015045166,14336,4096,3.7794270515441895,2.727173107892656,1.18421471118927,2.7638328075408936,2.792252461464174,0.7215837402598879,model.layers.6.mlp.gate_proj,4096,619.80126953125,4096,5.267247676849365,117.67080410048,5.267247676849365,0.0015827734023332596,58720256
ArchSid/En-Mr_Mono-AG-openchat,True,openchat/openchat-3.5-0106,0.010558828711509705,14336,4096,6.806321620941162,-0.8054690151910763,1.1953351497650146,-0.5045809745788574,2.685114731765253,-0.1183413097484068,model.layers.6.mlp.up_proj,4096,484.30029296875,4096,0.7614803314208984,635.9984269916215,0.7614803314208984,0.001728252973407507,58720256
ArchSid/En-Mr_Mono-AG-openchat,True,openchat/openchat-3.5-0106,0.012985050678253174,4096,14336,4.3346662521362305,0.46319398897410125,1.1876786947250366,1.1420104503631592,2.6824718575541957,0.10685805135420237,model.layers.6.mlp.down_proj,4096,481.362060546875,4096,1.2789632081985474,376.3689662542255,1.2789632081985474,0.010347632691264153,58720256
ArchSid/En-Mr_Mono-AG-openchat,True,openchat/openchat-3.5-0106,0.05122560262680054,4096,4096,5.100531578063965,2.3864500888267384,1.1028980016708374,2.4806017875671387,2.4248086857920153,0.4678826220957494,model.layers.7.self_attn.q_proj,4026,265.955322265625,4026,2.9368557929992676,90.55784179107337,2.9368557929992676,1.0117167221324053e-05,16777216
ArchSid/En-Mr_Mono-AG-openchat,True,openchat/openchat-3.5-0106,0.07221704721450806,1024,4096,2.7536978721618652,0.4370646070668883,0.9621945023536682,1.3585693836212158,2.0595894043791416,0.15871915778609325,model.layers.7.self_attn.k_proj,1024,114.70686340332031,1024,1.441183090209961,79.59215188030625,1.441183090209961,0.0008979584090411663,4194304
ArchSid/En-Mr_Mono-AG-openchat,True,openchat/openchat-3.5-0106,0.03533279895782471,1024,4096,6.518988132476807,-4.597435153500799,1.0230671167373657,-4.543391227722168,1.4295827829477483,-0.7052375399484063,model.layers.7.self_attn.v_proj,1024,26.889503479003906,1024,0.19713442027568817,136.40186955377717,0.19713442027568817,0.0029775642324239016,4194304
ArchSid/En-Mr_Mono-AG-openchat,True,openchat/openchat-3.5-0106,0.043077290058135986,4096,4096,3.788494110107422,-1.3669205009576064,1.136155128479004,-0.36650681495666504,2.048785348829341,-0.36080840070749054,model.layers.7.self_attn.o_proj,4020,111.88847351074219,4020,0.4357040524482727,256.79924912799777,0.4357040524482727,1.002356566459639e-05,16777216
ArchSid/En-Mr_Mono-AG-openchat,True,openchat/openchat-3.5-0106,0.017542481422424316,14336,4096,3.3732993602752686,2.633811117314538,1.1807104349136353,2.6966638565063477,2.7985050630538892,0.7807819099398322,model.layers.7.mlp.gate_proj,4096,628.7891845703125,4096,6.036454200744629,104.16532017964255,6.036454200744629,0.005300482735037804,58720256
ArchSid/En-Mr_Mono-AG-openchat,True,openchat/openchat-3.5-0106,0.02292776107788086,14336,4096,6.6798176765441895,-0.7036531375293239,1.1937706470489502,-0.3743347227573395,2.6828892035429632,-0.10534017118463622,model.layers.7.mlp.up_proj,4096,481.8248596191406,4096,0.7846208214759827,614.0862521501277,0.7846208214759827,0.003951307851821184,58720256
ArchSid/En-Mr_Mono-AG-openchat,True,openchat/openchat-3.5-0106,0.024282097816467285,4096,14336,5.158540725708008,-0.0314414105717466,1.1877877712249756,0.7352741360664368,2.679298696232782,-0.006095020325235733,model.layers.7.mlp.down_proj,4096,477.8578186035156,4096,0.9860637187957764,484.61150075280756,0.9860637187957764,0.008425137959420681,58720256
ArchSid/En-Mr_Mono-AG-openchat,True,openchat/openchat-3.5-0106,0.048271894454956055,4096,4096,3.7690231800079346,1.7523604908353339,1.107848048210144,1.9454638957977295,2.4089120142913827,0.46493757324985324,model.layers.8.self_attn.q_proj,4021,256.3964538574219,4021,2.9170076847076416,87.89707864040794,2.9170076847076416,1.0030004887084942e-05,16777216
ArchSid/En-Mr_Mono-AG-openchat,True,openchat/openchat-3.5-0106,0.041968077421188354,1024,4096,5.857093811035156,0.9956033465768379,0.9671581983566284,1.0678470134735107,2.0298206794387865,0.16998248255833887,model.layers.8.self_attn.k_proj,1024,107.10769653320312,1024,1.479048728942871,72.41661105361743,1.479048728942871,0.0002825505507644266,4194304
ArchSid/En-Mr_Mono-AG-openchat,True,openchat/openchat-3.5-0106,0.07247111201286316,1024,4096,3.6925277709960938,-2.315711065403061,1.015828013420105,-1.842170238494873,1.4424419503544152,-0.6271343667588386,model.layers.8.self_attn.v_proj,1024,27.697587966918945,1024,0.23597480356693268,117.37519238600704,0.23597480356693268,0.0023930510506033897,4194304
ArchSid/En-Mr_Mono-AG-openchat,True,openchat/openchat-3.5-0106,0.033918946981430054,4096,4096,5.383116722106934,-2.174233201877806,1.1344295740127563,-1.369086503982544,2.066511891221557,-0.4038985803426567,model.layers.8.self_attn.o_proj,4022,116.54989624023438,4022,0.3945494294166565,295.39998679646817,0.3945494294166565,1.0239281436952297e-05,16777216
ArchSid/En-Mr_Mono-AG-openchat,True,openchat/openchat-3.5-0106,0.01140594482421875,14336,4096,3.7899394035339355,2.8728066210068275,1.1818058490753174,2.903317928314209,2.796891161111257,0.7580085893531896,model.layers.8.mlp.gate_proj,4096,626.4568481445312,4096,5.728073596954346,109.36606130159055,5.728073596954346,0.006838240195065737,58720256
ArchSid/En-Mr_Mono-AG-openchat,True,openchat/openchat-3.5-0106,0.014349251985549927,14336,4096,6.126822471618652,-0.5161491994549197,1.1926743984222412,-0.03934401273727417,2.691362156724171,-0.0842441904993793,model.layers.8.mlp.up_proj,4096,491.3174133300781,4096,0.8236748576164246,596.4943676341748,0.8236748576164246,0.004957186058163643,58720256
ArchSid/En-Mr_Mono-AG-openchat,True,openchat/openchat-3.5-0106,0.04320496320724487,4096,14336,4.148542404174805,0.2888611908066597,1.1867676973342896,1.0143301486968994,2.6866329422101973,0.06962956206400828,model.layers.8.mlp.down_proj,4096,485.99627685546875,4096,1.1738958358764648,414.0028970224686,1.1738958358764648,0.008021926507353783,58720256
ArchSid/En-Mr_Mono-AG-openchat,True,openchat/openchat-3.5-0106,0.046376943588256836,4096,4096,3.475436210632324,1.2146933187929017,1.1086020469665527,1.6402989625930786,2.3891676531570365,0.34950816104085514,model.layers.9.self_attn.q_proj,4032,245.00088500976562,4032,2.236187219619751,109.56188411246998,2.236187219619751,1.002630506263813e-05,16777216
ArchSid/En-Mr_Mono-AG-openchat,True,openchat/openchat-3.5-0106,0.04484213888645172,1024,4096,6.40451192855835,0.32559761306874957,0.9750173687934875,0.43724358081817627,2.025373159661152,0.05083878626517623,model.layers.9.self_attn.k_proj,1024,106.01642608642578,1024,1.1241875886917114,94.30492486561236,1.1241875886917114,0.0020525658037513494,4194304
ArchSid/En-Mr_Mono-AG-openchat,True,openchat/openchat-3.5-0106,0.030855298042297363,1024,4096,5.992417812347412,-3.4303054045505914,1.0135140419006348,-3.4155800342559814,1.3793053240651307,-0.5724409598880817,model.layers.9.self_attn.v_proj,1024,23.949989318847656,1024,0.2676449418067932,89.48418437190794,0.2676449418067932,0.0020801727660000324,4194304
ArchSid/En-Mr_Mono-AG-openchat,True,openchat/openchat-3.5-0106,0.054790198802948,4096,4096,3.712982654571533,-1.6929353010109476,1.1318269968032837,-0.2681328356266022,2.0496895125288073,-0.4559502315278947,model.layers.9.self_attn.o_proj,4018,112.12165832519531,4018,0.349985271692276,320.36107629059916,0.349985271692276,1.018805050989613e-05,16777216
ArchSid/En-Mr_Mono-AG-openchat,True,openchat/openchat-3.5-0106,0.012759119272232056,14336,4096,3.59499454498291,2.7877918373304142,1.1804184913635254,2.827144145965576,2.7875667498912584,0.7754648310165007,model.layers.9.mlp.gate_proj,4096,613.1500244140625,4096,5.963000297546387,102.82575780959749,5.963000297546387,0.005974592640995979,58720256
ArchSid/En-Mr_Mono-AG-openchat,True,openchat/openchat-3.5-0106,0.01883995532989502,14336,4096,4.999549388885498,-0.461871103288095,1.1916182041168213,0.5007490515708923,2.699616193784035,-0.09238254637805579,model.layers.9.mlp.up_proj,4096,500.7445068359375,4096,0.8083835244178772,619.4392781526902,0.8083835244178772,0.005570001434534788,58720256
ArchSid/En-Mr_Mono-AG-openchat,True,openchat/openchat-3.5-0106,0.04708394408226013,4096,14336,3.864572048187256,0.28126627662841164,1.1831806898117065,1.2762820720672607,2.6933209409978707,0.07278070459582826,model.layers.9.mlp.down_proj,4096,493.53839111328125,4096,1.1824443340301514,417.38826675344905,1.1824443340301514,0.00464429147541523,58720256
ArchSid/En-Mr_Mono-AG-openchat,True,openchat/openchat-3.5-0106,0.041407257318496704,4096,4096,4.11618185043335,1.8333779357849243,1.1069388389587402,1.9904013872146606,2.4150659604795206,0.44540741940055617,model.layers.10.self_attn.q_proj,4026,260.0554504394531,4026,2.78873610496521,93.25208289749501,2.78873610496521,1.0127008863491938e-05,16777216
ArchSid/En-Mr_Mono-AG-openchat,True,openchat/openchat-3.5-0106,0.04360324144363403,1024,4096,7.335367202758789,1.0985624989031109,0.9731199145317078,1.1256462335586548,2.072757491542427,0.1497624411345008,model.layers.10.self_attn.k_proj,1024,118.23811340332031,1024,1.4117650985717773,83.75197369798757,1.4117650985717773,0.0013564799446612597,4194304
ArchSid/En-Mr_Mono-AG-openchat,True,openchat/openchat-3.5-0106,0.03448072075843811,1024,4096,7.42244815826416,-6.667438868473165,1.0151554346084595,-6.3454389572143555,1.3817619042845652,-0.8982802878925645,model.layers.10.self_attn.v_proj,1024,24.085845947265625,1024,0.12639203667640686,190.56458445187505,0.12639203667640686,0.0020264361519366503,4194304
ArchSid/En-Mr_Mono-AG-openchat,True,openchat/openchat-3.5-0106,0.04082387685775757,4096,4096,4.261730194091797,-1.9721158932577638,1.1376017332077026,-0.8431321978569031,2.047888349682627,-0.4627500577093747,model.layers.10.self_attn.o_proj,4018,111.6576156616211,4018,0.34454816579818726,324.0696853020616,0.34454816579818726,1.0077734259539284e-05,16777216
ArchSid/En-Mr_Mono-AG-openchat,True,openchat/openchat-3.5-0106,0.02006620168685913,14336,4096,3.6528940200805664,2.598498351165284,1.1808984279632568,2.6551735401153564,2.780679821931167,0.7113533370749072,model.layers.10.mlp.gate_proj,4096,603.5035400390625,4096,5.144620418548584,117.3076905466477,5.144620418548584,0.00776015967130661,58720256
ArchSid/En-Mr_Mono-AG-openchat,True,openchat/openchat-3.5-0106,0.030059128999710083,14336,4096,4.999606132507324,-0.6187695294723449,1.1913028955459595,0.5579245090484619,2.703284449440489,-0.12376365519057984,model.layers.10.mlp.up_proj,4096,504.991943359375,4096,0.7520320415496826,671.50322786614,0.7520320415496826,0.006320272106677294,58720256
ArchSid/En-Mr_Mono-AG-openchat,True,openchat/openchat-3.5-0106,0.03312060236930847,4096,14336,4.124056816101074,0.6070928493467121,1.1849784851074219,1.2402424812316895,2.6942830299912215,0.14720768321535008,model.layers.10.mlp.down_proj,4096,494.6329345703125,4096,1.4034847021102905,352.43201000094876,1.4034847021102905,0.010037129744887352,58720256
ArchSid/En-Mr_Mono-AG-openchat,True,openchat/openchat-3.5-0106,0.036885619163513184,4096,4096,5.48051118850708,1.8602032152929946,1.105586290359497,1.981683373451233,2.4012592510868047,0.3394214793674609,model.layers.11.self_attn.q_proj,4029,251.91802978515625,4029,2.184849262237549,115.30224722558748,2.184849262237549,1.0134010153706186e-05,16777216
ArchSid/En-Mr_Mono-AG-openchat,True,openchat/openchat-3.5-0106,0.0475764274597168,1024,4096,7.8419575691223145,0.4243684448756047,0.9634763598442078,0.4981970489025116,2.0268591960992404,0.05411511617284876,model.layers.11.self_attn.k_proj,1024,106.37980651855469,1024,1.1327005624771118,93.91697156564648,1.1327005624771118,0.0015610604314133525,4194304
ArchSid/En-Mr_Mono-AG-openchat,True,openchat/openchat-3.5-0106,0.04426455497741699,1024,4096,8.055763244628906,-6.319535328989431,1.010063648223877,-6.165151596069336,1.4464258326230623,-0.784473815464092,model.layers.11.self_attn.v_proj,1024,27.95283317565918,1024,0.16425786912441254,170.1765238077397,0.16425786912441254,0.001573537359945476,4194304
ArchSid/En-Mr_Mono-AG-openchat,True,openchat/openchat-3.5-0106,0.03947031497955322,4096,4096,4.319681644439697,-1.7498801497251573,1.132935643196106,-0.5416451692581177,2.0830611167906645,-0.4050947022861294,model.layers.11.self_attn.o_proj,4018,121.07685089111328,4018,0.39346426725387573,307.7200675328177,0.39346426725387573,1.0075733371195383e-05,16777216
ArchSid/En-Mr_Mono-AG-openchat,True,openchat/openchat-3.5-0106,0.022553563117980957,14336,4096,3.6913082599639893,2.714276928931764,1.180354118347168,2.7556262016296387,2.776579003040467,0.7353157032076869,model.layers.11.mlp.gate_proj,4096,597.831787109375,4096,5.436453819274902,109.96723360175844,5.436453819274902,0.008017211221158504,58720256
ArchSid/En-Mr_Mono-AG-openchat,True,openchat/openchat-3.5-0106,0.03178048133850098,14336,4096,4.4922637939453125,-0.4363863563769963,1.1905156373977661,0.8188520073890686,2.7089718594228374,-0.09714174776760867,model.layers.11.mlp.up_proj,4096,511.648681640625,4096,0.7995732426643372,639.9022057512952,0.7995732426643372,0.007743821479380131,58720256
ArchSid/En-Mr_Mono-AG-openchat,True,openchat/openchat-3.5-0106,0.03349781036376953,4096,14336,4.198651313781738,0.4919030840802755,1.1845818758010864,1.2340999841690063,2.6975308509816163,0.11715740301311586,model.layers.11.mlp.down_proj,4096,498.3458557128906,4096,1.3096565008163452,380.51646015749765,1.3096565008163452,0.0049445475451648235,58720256
ArchSid/En-Mr_Mono-AG-openchat,True,openchat/openchat-3.5-0106,0.031796663999557495,4096,4096,5.712833404541016,1.9973775025159104,1.1020073890686035,2.0702483654022217,2.3812504063198894,0.34962992285548455,model.layers.12.self_attn.q_proj,4026,240.574951171875,4026,2.236814260482788,107.55249348238237,2.236814260482788,1.0038414075097535e-05,16777216
ArchSid/En-Mr_Mono-AG-openchat,True,openchat/openchat-3.5-0106,0.05864906311035156,1024,4096,8.437414169311523,0.3822438967341608,0.9668951034545898,0.4166313409805298,2.018939613621118,0.04530344120411375,model.layers.12.self_attn.k_proj,1024,104.4574966430664,1024,1.109950065612793,94.11008646176926,1.109950065612793,0.0011132284998893738,4194304
ArchSid/En-Mr_Mono-AG-openchat,True,openchat/openchat-3.5-0106,0.05539345741271973,1024,4096,6.422887325286865,-4.258034895978568,1.0172709226608276,-4.2351298332214355,1.392894518653626,-0.6629471576147246,model.layers.12.self_attn.v_proj,1024,24.711238861083984,1024,0.2172965556383133,113.72126349860535,0.2172965556383133,0.0017429625149816275,4194304
ArchSid/En-Mr_Mono-AG-openchat,True,openchat/openchat-3.5-0106,0.06758788228034973,4096,4096,3.6324074268341064,-1.7663491204078678,1.1303375959396362,-0.24888212978839874,2.055331130304235,-0.4862750547637116,model.layers.12.self_attn.o_proj,4010,113.58765411376953,4010,0.32638105750083923,348.02158857971546,0.32638105750083923,1.018726106849499e-05,16777216
ArchSid/En-Mr_Mono-AG-openchat,True,openchat/openchat-3.5-0106,0.022404789924621582,14336,4096,3.802920341491699,2.8677740501745514,1.1795648336410522,2.8949029445648193,2.76688527210433,0.7540978491938815,model.layers.12.mlp.gate_proj,4096,584.6356201171875,4096,5.676724910736084,102.9881893715684,5.676724910736084,0.008396996185183525,58720256
ArchSid/En-Mr_Mono-AG-openchat,True,openchat/openchat-3.5-0106,0.028350234031677246,14336,4096,4.888998031616211,-0.5197924862164821,1.1899514198303223,0.7009217143058777,2.711167238586988,-0.10631881683221878,model.layers.12.mlp.up_proj,4096,514.2416381835938,4096,0.7828547358512878,656.8800246502946,0.7828547358512878,0.00746008288115263,58720256
ArchSid/En-Mr_Mono-AG-openchat,True,openchat/openchat-3.5-0106,0.030730396509170532,4096,14336,4.190690994262695,0.6396448647699547,1.1845701932907104,1.2824666500091553,2.700123814482362,0.15263470049346672,model.layers.12.mlp.down_proj,4096,501.33013916015625,4096,1.4211329221725464,352.76794403844474,1.4211329221725464,0.005460304673761129,58720256
ArchSid/En-Mr_Mono-AG-openchat,True,openchat/openchat-3.5-0106,0.054862797260284424,4096,4096,5.208695411682129,2.1875102662819956,1.1094859838485718,2.2510385513305664,2.393178002263259,0.41997277502075075,model.layers.13.self_attn.q_proj,4028,247.27374267578125,4028,2.63010311126709,94.01674847517806,2.63010311126709,1.0357174687669612e-05,16777216
ArchSid/En-Mr_Mono-AG-openchat,True,openchat/openchat-3.5-0106,0.059868842363357544,1024,4096,6.1151933670043945,1.0149299713846207,0.9726632833480835,1.0844100713729858,2.039782643264976,0.16596858193574948,model.layers.13.self_attn.k_proj,1024,109.59295654296875,1024,1.4654418230056763,74.78492480731134,1.4654418230056763,0.001536394702270627,4194304
ArchSid/En-Mr_Mono-AG-openchat,True,openchat/openchat-3.5-0106,0.039538800716400146,1024,4096,9.40827465057373,-7.5331669235643135,1.017268419265747,-7.423007488250732,1.458882194237637,-0.8006958983818494,model.layers.13.self_attn.v_proj,1024,28.76618003845215,1024,0.158235564827919,181.793391831573,0.158235564827919,0.003068401711061597,4194304
ArchSid/En-Mr_Mono-AG-openchat,True,openchat/openchat-3.5-0106,0.03532862663269043,4096,4096,3.4893929958343506,-1.4180145700514004,1.1329262256622314,0.029138952493667603,2.0851326278324676,-0.40637857981151193,model.layers.13.self_attn.o_proj,4020,121.65574645996094,4020,0.39230281114578247,310.1067415363302,0.39230281114578247,1.00704583019251e-05,16777216
ArchSid/En-Mr_Mono-AG-openchat,True,openchat/openchat-3.5-0106,0.022404968738555908,14336,4096,3.895880699157715,2.752698319716571,1.1822956800460815,2.776911497116089,2.757095123105549,0.7065663792815066,model.layers.13.mlp.gate_proj,4096,571.6038208007812,4096,5.088225841522217,112.33853185844,5.088225841522217,0.0072908708825707436,58720256
ArchSid/En-Mr_Mono-AG-openchat,True,openchat/openchat-3.5-0106,0.031650692224502563,14336,4096,5.028964042663574,-0.4507233645561429,1.19057035446167,0.6341210007667542,2.7160594130050812,-0.0896254896102655,model.layers.13.mlp.up_proj,4096,520.067138671875,4096,0.813531756401062,639.2708515431176,0.813531756401062,0.007915051653981209,58720256
ArchSid/En-Mr_Mono-AG-openchat,True,openchat/openchat-3.5-0106,0.029617905616760254,4096,14336,3.558220863342285,0.5641436361214524,1.1831707954406738,1.5046597719192505,2.707003070988142,0.15854654834201173,model.layers.13.mlp.down_proj,4096,509.33447265625,4096,1.440610408782959,353.55462486664976,1.440610408782959,0.005646964535117149,58720256
ArchSid/En-Mr_Mono-AG-openchat,True,openchat/openchat-3.5-0106,0.04387754201889038,4096,4096,6.151025295257568,2.236625846717512,1.101037859916687,2.2655797004699707,2.3524354118124307,0.36361837894601856,model.layers.14.self_attn.q_proj,4025,225.1310577392578,4025,2.3100340366363525,97.4578963637574,2.3100340366363525,1.0192589797952678e-05,16777216
ArchSid/En-Mr_Mono-AG-openchat,True,openchat/openchat-3.5-0106,0.036083877086639404,1024,4096,6.6415486335754395,0.33437767478006536,0.9669442176818848,0.37207192182540894,1.9210067158115816,0.05034634137732047,model.layers.14.self_attn.k_proj,1024,83.3694076538086,1024,1.1229135990142822,74.24383116117933,1.1229135990142822,0.0016590050654485822,4194304
ArchSid/En-Mr_Mono-AG-openchat,True,openchat/openchat-3.5-0106,0.057069361209869385,1024,4096,9.913021087646484,-8.148387887426662,1.0221824645996094,-7.810647487640381,1.5612189935628882,-0.8219883540428565,model.layers.14.self_attn.v_proj,1024,36.40985870361328,1024,0.15066474676132202,241.6614336550311,0.15066474676132202,0.003341491799801588,4194304
ArchSid/En-Mr_Mono-AG-openchat,True,openchat/openchat-3.5-0106,0.08427664637565613,4096,4096,3.286670446395874,-1.468034102233564,1.1338934898376465,0.1877310574054718,2.136381064533298,-0.4466630062784036,model.layers.14.self_attn.o_proj,4024,136.8929443359375,4024,0.35755017399787903,382.8635931156044,0.35755017399787903,1.0218411262030713e-05,16777216
ArchSid/En-Mr_Mono-AG-openchat,True,openchat/openchat-3.5-0106,0.018700242042541504,14336,4096,3.7666401863098145,3.0292055679918155,1.1803802251815796,3.04571795463562,2.761390023279005,0.8042195214190434,model.layers.14.mlp.gate_proj,4096,577.28466796875,4096,6.3711748123168945,90.60882568356634,6.3711748123168945,0.0068693868815898895,58720256
ArchSid/En-Mr_Mono-AG-openchat,True,openchat/openchat-3.5-0106,0.023643910884857178,14336,4096,4.647673606872559,-0.3728785237862159,1.1907404661178589,0.8328754305839539,2.7264883295972075,-0.08022906841711881,model.layers.14.mlp.up_proj,4096,532.7069091796875,4096,0.8313251733779907,640.7924675432316,0.8313251733779907,0.008954126387834549,58720256
ArchSid/En-Mr_Mono-AG-openchat,True,openchat/openchat-3.5-0106,0.008563101291656494,4096,14336,4.381232738494873,0.52820083991846,1.1894896030426025,1.147863745689392,2.713651761219397,0.12055986783754334,model.layers.14.mlp.down_proj,4096,517.1919555664062,4096,1.3199572563171387,391.8247754548072,1.3199572563171387,0.014166506938636303,58720256
ArchSid/En-Mr_Mono-AG-openchat,True,openchat/openchat-3.5-0106,0.05088931322097778,4096,4096,2.8164405822753906,0.8590230304310144,1.1012674570083618,1.6502586603164673,2.3513643827711865,0.30500307225974327,model.layers.15.self_attn.q_proj,4028,224.5765380859375,4028,2.018380641937256,111.26570153308019,2.018380641937256,1.0144121006305795e-05,16777216
ArchSid/En-Mr_Mono-AG-openchat,True,openchat/openchat-3.5-0106,0.05350595712661743,1024,4096,6.649624824523926,0.4074291359924128,0.9628103971481323,0.4623618721961975,1.9189998410890874,0.06127099599511351,model.layers.15.self_attn.k_proj,1024,82.98504638671875,1024,1.151518702507019,72.06573910267247,1.151518702507019,0.0020860598888248205,4194304
ArchSid/En-Mr_Mono-AG-openchat,True,openchat/openchat-3.5-0106,0.07908236980438232,1024,4096,8.982706069946289,-5.938445413566604,1.027100920677185,-5.934501647949219,1.5388579243423472,-0.6610975987998806,model.layers.15.self_attn.v_proj,1024,34.58262252807617,1024,0.2182239443063736,158.47308890872307,0.2182239443063736,0.003787130815908313,4194304
ArchSid/En-Mr_Mono-AG-openchat,True,openchat/openchat-3.5-0106,0.024329185485839844,4096,4096,4.401683330535889,-1.685113306649574,1.1373438835144043,-0.49899739027023315,2.1311579499069717,-0.3828338342650419,model.layers.15.self_attn.o_proj,4023,135.25643920898438,4023,0.4141581058502197,326.5816539587417,0.4141581058502197,1.0117056262970436e-05,16777216
ArchSid/En-Mr_Mono-AG-openchat,True,openchat/openchat-3.5-0106,0.02536684274673462,14336,4096,4.008106231689453,3.296675000923332,1.1806520223617554,3.303830862045288,2.7718251735810724,0.8225019024841949,model.layers.15.mlp.gate_proj,4096,591.3235473632812,4096,6.645105838775635,88.98632492996275,6.645105838775635,0.006601478438824415,58720256
ArchSid/En-Mr_Mono-AG-openchat,True,openchat/openchat-3.5-0106,0.03370499610900879,14336,4096,5.5819220542907715,-0.6456338323892115,1.1906919479370117,0.3991938829421997,2.7217896402932173,-0.11566514654086199,model.layers.15.mlp.up_proj,4096,526.9745483398438,4096,0.7661871314048767,687.7883048930696,0.7661871314048767,0.005830655340105295,58720256
ArchSid/En-Mr_Mono-AG-openchat,True,openchat/openchat-3.5-0106,0.010211288928985596,4096,14336,4.576597213745117,-0.09536924135767647,1.1903306245803833,0.9161925315856934,2.7112275950595093,-0.020838460739181806,model.layers.15.mlp.down_proj,4096,514.3131103515625,4096,0.9531506299972534,539.5926878347072,0.9531506299972534,0.007802590262144804,58720256
ArchSid/En-Mr_Mono-AG-openchat,True,openchat/openchat-3.5-0106,0.03817254304885864,4096,4096,5.993753910064697,2.3634907141677375,1.1040635108947754,2.385939836502075,2.3523402369494963,0.3943256179068296,model.layers.16.self_attn.q_proj,4029,225.08172607421875,4029,2.4792802333831787,90.78510893747436,2.4792802333831787,1.0020479749073274e-05,16777216
ArchSid/En-Mr_Mono-AG-openchat,True,openchat/openchat-3.5-0106,0.056030333042144775,1024,4096,6.593966960906982,0.7114666710931397,0.9652750492095947,0.760451078414917,1.9481820258033744,0.10789660841662442,model.layers.16.self_attn.k_proj,1024,88.75279235839844,1024,1.2820253372192383,69.22857901615784,1.2820253372192383,0.0021325445268303156,4194304
ArchSid/En-Mr_Mono-AG-openchat,True,openchat/openchat-3.5-0106,0.0813823938369751,1024,4096,8.094671249389648,-5.020594633740958,1.0287765264511108,-5.01005220413208,1.5449733161694843,-0.6202345319607043,model.layers.16.self_attn.v_proj,1024,35.07303237915039,1024,0.23975378274917603,146.28771223953058,0.23975378274917603,0.004133120179176331,4194304
ArchSid/En-Mr_Mono-AG-openchat,True,openchat/openchat-3.5-0106,0.03173828125,4096,4096,3.9108493328094482,-1.0664754963437246,1.1348228454589844,-0.05166839808225632,2.1321578026267307,-0.27269664607038124,model.layers.16.self_attn.o_proj,4025,135.5681915283203,4025,0.5337075591087341,254.01212558186856,0.5337075591087341,1.0065953574667219e-05,16777216
ArchSid/En-Mr_Mono-AG-openchat,True,openchat/openchat-3.5-0106,0.0179719477891922,14336,4096,4.44680118560791,3.9834407346160536,1.1815415620803833,3.9846127033233643,2.7866966284147323,0.8957991527726662,model.layers.16.mlp.gate_proj,4096,611.9227905273438,4096,7.866818904876709,77.78529008059503,7.866818904876709,0.006800306495279074,58720256
ArchSid/En-Mr_Mono-AG-openchat,True,openchat/openchat-3.5-0106,0.026654362678527832,14336,4096,5.876331329345703,-0.5631788848580581,1.1925119161605835,0.14151720702648163,2.7180949190598818,-0.09583851782584304,model.layers.16.mlp.up_proj,4096,522.5103759765625,4096,0.801976203918457,651.5285284321105,0.801976203918457,0.007239507511258125,58720256
ArchSid/En-Mr_Mono-AG-openchat,True,openchat/openchat-3.5-0106,0.013481616973876953,4096,14336,4.563774108886719,0.07182714302152626,1.190212607383728,0.9210224747657776,2.7071502493256214,0.015738540363262565,model.layers.16.mlp.down_proj,4096,509.5071105957031,4096,1.036903977394104,491.37347498287284,1.036903977394104,0.011415159329771996,58720256
ArchSid/En-Mr_Mono-AG-openchat,True,openchat/openchat-3.5-0106,0.02989210933446884,4096,4096,4.912454605102539,2.5565622026375907,1.1152580976486206,2.565467357635498,2.3584424311458463,0.5204245958796452,model.layers.17.self_attn.q_proj,4030,228.26663208007812,4030,3.3145501613616943,68.86805779590341,3.3145501613616943,1.0176743671763688e-05,16777216
ArchSid/En-Mr_Mono-AG-openchat,True,openchat/openchat-3.5-0106,0.0556340217590332,1024,4096,5.7954607009887695,1.031355583919147,0.9839017391204834,1.0375471115112305,1.922865675078469,0.17795920585626374,model.layers.17.self_attn.k_proj,1024,83.7270278930664,1024,1.5064655542373657,55.578454918906154,1.5064655542373657,0.002144425641745329,4194304
ArchSid/En-Mr_Mono-AG-openchat,True,openchat/openchat-3.5-0106,0.05062824487686157,1024,4096,8.949462890625,-5.978584307490006,1.0245858430862427,-5.968027114868164,1.539553100978477,-0.668038337111031,model.layers.17.self_attn.v_proj,1024,34.638023376464844,1024,0.2147640883922577,161.2840565467348,0.2147640883922577,0.004214196465909481,4194304
ArchSid/En-Mr_Mono-AG-openchat,True,openchat/openchat-3.5-0106,0.05458441376686096,4096,4096,3.443526029586792,-1.0786925987863665,1.136674404144287,0.15493237972259521,2.1454302879449214,-0.3132523435334115,model.layers.17.self_attn.o_proj,4032,139.77525329589844,4032,0.4861246645450592,287.52964720830903,0.4861246645450592,1.0052317520603538e-05,16777216
ArchSid/En-Mr_Mono-AG-openchat,True,openchat/openchat-3.5-0106,0.019024789333343506,14336,4096,4.801033020019531,4.0942777566138595,1.184200644493103,4.09506893157959,2.7934630120883073,0.8527910013410414,model.layers.17.mlp.gate_proj,4096,621.5313110351562,4096,7.125100612640381,87.2312329081389,7.125100612640381,0.003960076253861189,58720256
ArchSid/En-Mr_Mono-AG-openchat,True,openchat/openchat-3.5-0106,0.011211156845092773,14336,4096,6.0169291496276855,-0.6266335459872906,1.1937512159347534,0.0988505631685257,2.723577417866421,-0.10414507640098526,model.layers.17.mlp.up_proj,4096,529.1483154296875,4096,0.7867829203605652,672.5467746391731,0.7867829203605652,0.004818194545805454,58720256
ArchSid/En-Mr_Mono-AG-openchat,True,openchat/openchat-3.5-0106,0.011328577995300293,4096,14336,4.66557502746582,-0.06400840641923093,1.1912038326263428,0.8734630942344666,2.7126694788593526,-0.0137192963444847,model.layers.17.mlp.down_proj,4096,516.0234985351562,4096,0.9689038991928101,532.5848094584544,0.9689038991928101,0.007236884441226721,58720256
ArchSid/En-Mr_Mono-AG-openchat,True,openchat/openchat-3.5-0106,0.06729111075401306,4096,4096,2.3276586532592773,0.966543823224479,1.105326771736145,1.7529245615005493,2.3629606301456443,0.4152429403130425,model.layers.18.self_attn.q_proj,4029,230.65380859375,4029,2.601614475250244,88.65795097160346,2.601614475250244,1.025732490234077e-05,16777216
ArchSid/En-Mr_Mono-AG-openchat,True,openchat/openchat-3.5-0106,0.05561256408691406,1024,4096,7.059822082519531,0.34955053368160144,0.9760974645614624,0.3565552532672882,1.8940875382970195,0.04951265479439005,model.layers.18.self_attn.k_proj,1024,78.35875701904297,1024,1.1207600831985474,69.91572790084939,1.1207600831985474,0.002099722856655717,4194304
ArchSid/En-Mr_Mono-AG-openchat,True,openchat/openchat-3.5-0106,0.06532704830169678,1024,4096,7.087854862213135,-4.598918781656002,1.0313224792480469,-4.573854923248291,1.5292724415716719,-0.6488449426601296,model.layers.18.self_attn.v_proj,1024,33.82769775390625,1024,0.22446832060813904,150.7014337803162,0.22446832060813904,0.004434916190803051,4194304
ArchSid/En-Mr_Mono-AG-openchat,True,openchat/openchat-3.5-0106,0.03774213790893555,4096,4096,5.5491204261779785,-1.0622287721342951,1.1399136781692505,-0.9616177678108215,2.124374495148398,-0.19142290859705088,model.layers.18.self_attn.o_proj,4026,133.16021728515625,4026,0.6435422897338867,206.9175863177846,0.6435422897338867,1.059475926012965e-05,16777216
ArchSid/En-Mr_Mono-AG-openchat,True,openchat/openchat-3.5-0106,0.020391106605529785,14336,4096,4.658313274383545,4.243008412094365,1.1834015846252441,4.2438435554504395,2.7965886028434683,0.9108465150738195,model.layers.18.mlp.gate_proj,4096,626.0205688476562,4096,8.144164085388184,76.86738163476204,8.144164085388184,0.00500097731128335,58720256
ArchSid/En-Mr_Mono-AG-openchat,True,openchat/openchat-3.5-0106,0.010851144790649414,14336,4096,6.0017523765563965,-0.05810918103767585,1.1935176849365234,0.3025684356689453,2.724110793205089,-0.009682035744203253,model.layers.18.mlp.up_proj,4096,529.798583984375,4096,0.9779529571533203,541.7424019316247,0.9779529571533203,0.005271939095109701,58720256
ArchSid/En-Mr_Mono-AG-openchat,True,openchat/openchat-3.5-0106,0.019531190395355225,4096,14336,5.6049957275390625,-0.26439367012254467,1.1943668127059937,0.35335057973861694,2.7103743523706627,-0.047171074337041416,model.layers.18.mlp.down_proj,4096,513.3036499023438,4096,0.897075355052948,572.1968026554994,0.897075355052948,0.010512146167457104,58720256
ArchSid/En-Mr_Mono-AG-openchat,True,openchat/openchat-3.5-0106,0.0455438494682312,4096,4096,5.281951904296875,2.2595294335512706,1.1190234422683716,2.2756948471069336,2.3321354012013535,0.4277830382577207,model.layers.19.self_attn.q_proj,4036,214.8500213623047,4036,2.677830219268799,80.23287653426028,2.677830219268799,1.0338206266169436e-05,16777216
ArchSid/En-Mr_Mono-AG-openchat,True,openchat/openchat-3.5-0106,0.06461119651794434,1024,4096,3.0228984355926514,0.3213618097709073,0.9758978486061096,0.7352662086486816,1.8787158141932405,0.10630916539804389,model.layers.19.self_attn.k_proj,1024,75.63378143310547,1024,1.2773478031158447,59.211579844276855,1.2773478031158447,0.0020358827896416187,4194304
ArchSid/En-Mr_Mono-AG-openchat,True,openchat/openchat-3.5-0106,0.03609815239906311,1024,4096,5.681599140167236,-3.629350722138246,1.0323431491851807,-3.405683994293213,1.6072496254191435,-0.6387903533144046,model.layers.19.self_attn.v_proj,1024,40.48085021972656,1024,0.22972573339939117,176.2138251588398,0.22972573339939117,0.005091430619359016,4194304
ArchSid/En-Mr_Mono-AG-openchat,True,openchat/openchat-3.5-0106,0.02556455135345459,4096,4096,3.6296167373657227,-0.24130049308962773,1.1422338485717773,0.20776048302650452,2.1578001380404914,-0.06648098423327116,model.layers.19.self_attn.o_proj,4033,143.81365966796875,4033,0.8580626845359802,167.60274308600162,0.8580626845359802,1.0702965482778382e-05,16777216
ArchSid/En-Mr_Mono-AG-openchat,True,openchat/openchat-3.5-0106,0.016854465007781982,14336,4096,4.765585899353027,4.379124100433944,1.1844937801361084,4.379711151123047,2.8060271991938395,0.918905711263845,model.layers.19.mlp.gate_proj,4096,639.77490234375,4096,8.296706199645996,77.11191489112244,8.296706199645996,0.004747633356601,58720256
ArchSid/En-Mr_Mono-AG-openchat,True,openchat/openchat-3.5-0106,0.013317346572875977,14336,4096,6.501633167266846,0.03979676920610147,1.1936498880386353,0.2838755249977112,2.721843659972689,0.006121041926275152,model.layers.19.mlp.up_proj,4096,527.0401000976562,4096,1.0141940116882324,519.6639834427169,1.0141940116882324,0.005528047680854797,58720256
ArchSid/En-Mr_Mono-AG-openchat,True,openchat/openchat-3.5-0106,0.030618786811828613,4096,14336,6.71341609954834,-0.32466998286118043,1.1958550214767456,0.03649299591779709,2.7092792798244467,-0.04836136745389927,model.layers.19.mlp.down_proj,4096,512.010986328125,4096,0.8946200609207153,572.3222725423562,0.8946200609207153,0.007804458495229483,58720256
ArchSid/En-Mr_Mono-AG-openchat,True,openchat/openchat-3.5-0106,0.046284958720207214,4096,4096,4.632902145385742,2.1490200413783755,1.120459794998169,2.182384490966797,2.327287109442301,0.46386044296634826,model.layers.20.self_attn.q_proj,4040,212.46485900878906,4040,2.9097819328308105,73.01745076205435,2.9097819328308105,1.011958738672547e-05,16777216
ArchSid/En-Mr_Mono-AG-openchat,True,openchat/openchat-3.5-0106,0.05586177110671997,1024,4096,5.4155497550964355,0.4915256869043732,0.9820519089698792,0.5131540298461914,1.8590602626002009,0.09076191875844386,model.layers.20.self_attn.k_proj,1024,72.2870101928711,1024,1.232429027557373,58.6540957544153,1.232429027557373,0.0026776015292853117,4194304
ArchSid/En-Mr_Mono-AG-openchat,True,openchat/openchat-3.5-0106,0.08948260545730591,1024,4096,9.127192497253418,-5.784862593284848,1.0274890661239624,-5.768310546875,1.6260805752165994,-0.633805257753208,model.layers.20.self_attn.v_proj,1024,42.27470397949219,1024,0.23237785696983337,181.92225597889117,0.23237785696983337,0.00502838846296072,4194304
ArchSid/En-Mr_Mono-AG-openchat,True,openchat/openchat-3.5-0106,0.04664891958236694,4096,4096,4.5723876953125,-0.9999652008100325,1.145851492881775,-0.5853620171546936,2.1688767004165124,-0.2186965033247667,model.layers.20.self_attn.o_proj,4039,147.5287628173828,4039,0.6043708324432373,244.1030488201774,0.6043708324432373,1.0153381481359247e-05,16777216
ArchSid/En-Mr_Mono-AG-openchat,True,openchat/openchat-3.5-0106,0.01427614688873291,14336,4096,4.757368564605713,4.418018204590554,1.1850868463516235,4.418452739715576,2.812777210475824,0.9286684738828337,model.layers.20.mlp.gate_proj,4096,649.7962646484375,4096,8.48532485961914,76.57883173580737,8.48532485961914,0.004864878952503204,58720256
ArchSid/En-Mr_Mono-AG-openchat,True,openchat/openchat-3.5-0106,0.01945173740386963,14336,4096,7.055116653442383,-0.06565911513562966,1.193830132484436,0.07108242809772491,2.712445815219968,-0.009306595250071848,model.layers.20.mlp.up_proj,4096,515.7578125,4096,0.9787987470626831,526.9293754694298,0.9787987470626831,0.0050615184009075165,58720256
ArchSid/En-Mr_Mono-AG-openchat,True,openchat/openchat-3.5-0106,0.036132872104644775,4096,14336,8.682400703430176,-0.9726746968127395,1.1962037086486816,-0.8308477401733398,2.7043981264590506,-0.11202831221881555,model.layers.20.mlp.down_proj,4096,506.28857421875,4096,0.7726302146911621,655.2792844389668,0.7726302146911621,0.0068811108358204365,58720256
ArchSid/En-Mr_Mono-AG-openchat,True,openchat/openchat-3.5-0106,0.05196380615234375,4096,4096,3.131131649017334,1.53831886227713,1.1306283473968506,1.6418551206588745,2.3250343706934595,0.49129804642992636,model.layers.21.self_attn.q_proj,4039,211.36563110351562,4039,3.09954571723938,68.1924547613284,3.09954571723938,1.0046790521300863e-05,16777216
ArchSid/En-Mr_Mono-AG-openchat,True,openchat/openchat-3.5-0106,0.05764651298522949,1024,4096,3.362025022506714,0.2372591506437173,0.9905502200126648,0.49039849638938904,1.862258089424862,0.07057031076669909,model.layers.21.self_attn.k_proj,1024,72.82124328613281,1024,1.1764414310455322,61.899590888612956,1.1764414310455322,0.0018506873166188598,4194304
ArchSid/En-Mr_Mono-AG-openchat,True,openchat/openchat-3.5-0106,0.052618980407714844,1024,4096,4.527765274047852,-1.9745918427292013,1.0209487676620483,-1.7959935665130615,1.6368109593095443,-0.43610737819098633,model.layers.21.self_attn.v_proj,1024,43.33222198486328,1024,0.36634698510169983,118.28191235921877,0.36634698510169983,0.004321532789617777,4194304
ArchSid/En-Mr_Mono-AG-openchat,True,openchat/openchat-3.5-0106,0.037097543478012085,4096,4096,6.434412956237793,-1.8141989257388962,1.1540849208831787,-1.7259670495986938,2.174299744618935,-0.2819525165819727,model.layers.21.self_attn.o_proj,4044,149.38250732421875,4044,0.5224533081054688,285.92508652287563,0.5224533081054688,1.0186541658185888e-05,16777216
ArchSid/En-Mr_Mono-AG-openchat,True,openchat/openchat-3.5-0106,0.01326441764831543,14336,4096,4.82635498046875,4.6555137874115005,1.185027003288269,4.655793190002441,2.8295808911363918,0.9646024393670568,model.layers.21.mlp.gate_proj,4096,675.4308471679688,4096,9.217272758483887,73.27881737537598,9.217272758483887,0.004844855051487684,58720256
ArchSid/En-Mr_Mono-AG-openchat,True,openchat/openchat-3.5-0106,0.03035914897918701,14336,4096,8.433694839477539,-0.2938908477302877,1.1942298412322998,-0.2534087598323822,2.697653836441163,-0.034847223349202185,model.layers.21.mlp.up_proj,4096,498.48699951171875,4096,0.9228960275650024,540.1334328276852,0.9228960275650024,0.004848359152674675,58720256
ArchSid/En-Mr_Mono-AG-openchat,True,openchat/openchat-3.5-0106,0.04324442148208618,4096,14336,8.69802474975586,-1.52167270267439,1.1956778764724731,-1.2492486238479614,2.693553544137366,-0.17494462782680642,model.layers.21.mlp.down_proj,4096,493.80279541015625,4096,0.6684291362762451,738.7511534297928,0.6684291362762451,0.005893666297197342,58720256
ArchSid/En-Mr_Mono-AG-openchat,True,openchat/openchat-3.5-0106,0.023171305656433105,4096,4096,4.508216381072998,2.1146980414953234,1.1405216455459595,2.119025945663452,2.301833415203294,0.46907642906705493,model.layers.22.self_attn.q_proj,4044,200.37033081054688,4044,2.9449398517608643,68.03885338803768,2.9449398517608643,1.0474994269316085e-05,16777216
ArchSid/En-Mr_Mono-AG-openchat,True,openchat/openchat-3.5-0106,0.04640704393386841,1024,4096,5.6252241134643555,-0.24052642736548893,0.9973394274711609,-0.20058953762054443,1.8363666565706085,-0.04275855015087712,model.layers.22.self_attn.k_proj,1024,68.60671997070312,1024,0.9062362909317017,75.70511207421251,0.9062362909317017,0.002304767956957221,4194304
ArchSid/En-Mr_Mono-AG-openchat,True,openchat/openchat-3.5-0106,0.08838525414466858,1024,4096,8.486888885498047,-3.1125038597704293,1.0226784944534302,-3.1120288372039795,1.6582857399386421,-0.36674261932295515,model.layers.22.self_attn.v_proj,1024,45.528751373291016,1024,0.42979106307029724,105.93228962940131,0.42979106307029724,0.007223585620522499,4194304
ArchSid/En-Mr_Mono-AG-openchat,True,openchat/openchat-3.5-0106,0.028884172439575195,4096,4096,5.479851245880127,-1.1625203434047935,1.1561753749847412,-1.0585355758666992,2.184022344390454,-0.21214450744056274,model.layers.22.self_attn.o_proj,4046,152.76446533203125,4046,0.6135578155517578,248.98136974207367,0.6135578155517578,1.0095450306835119e-05,16777216
ArchSid/En-Mr_Mono-AG-openchat,True,openchat/openchat-3.5-0106,0.017722249031066895,14336,4096,5.243818759918213,4.733620575400298,1.1868666410446167,4.7337727546691895,2.827757280725449,0.9027048401409907,model.layers.22.mlp.gate_proj,4096,672.6006469726562,4096,7.992908477783203,84.14967453239237,7.992908477783203,0.005156603176146746,58720256
ArchSid/En-Mr_Mono-AG-openchat,True,openchat/openchat-3.5-0106,0.03893303871154785,14336,4096,8.711448669433594,-0.23399649684242588,1.1944712400436401,-0.20863281190395355,2.6994531213970134,-0.026860801885163377,model.layers.22.mlp.up_proj,4096,500.5565185546875,4096,0.9400245547294617,532.4930248218327,0.9400245547294617,0.005685823038220406,58720256
ArchSid/En-Mr_Mono-AG-openchat,True,openchat/openchat-3.5-0106,0.031831979751586914,4096,14336,7.285853862762451,-0.9000563469207412,1.1948068141937256,-0.5857394337654114,2.6958645798934664,-0.12353477902169759,model.layers.22.mlp.down_proj,4096,496.4375,4096,0.7524284720420837,659.7803225769399,0.7524284720420837,0.005955160595476627,58720256
ArchSid/En-Mr_Mono-AG-openchat,True,openchat/openchat-3.5-0106,0.02444659173488617,4096,4096,4.334413528442383,2.252597253817621,1.1373218297958374,2.258089065551758,2.30908168025645,0.5197005867197714,model.layers.23.self_attn.q_proj,4044,203.74252319335938,4044,3.3090291023254395,61.57169275125992,3.3090291023254395,1.011909989756532e-05,16777216
ArchSid/En-Mr_Mono-AG-openchat,True,openchat/openchat-3.5-0106,0.026495516300201416,1024,4096,4.850467681884766,0.30512014614001465,0.9974044561386108,0.34553927183151245,1.8520183661913832,0.0629053044265317,model.layers.23.self_attn.k_proj,1024,71.12435913085938,1024,1.155860185623169,61.533704521982024,1.155860185623169,0.0020859944634139538,4194304
ArchSid/En-Mr_Mono-AG-openchat,True,openchat/openchat-3.5-0106,0.08730167150497437,1024,4096,7.145612716674805,-1.2606444013103628,1.0253384113311768,-1.2605146169662476,1.6909600601503896,-0.17642215598510647,model.layers.23.self_attn.v_proj,1024,49.086273193359375,1024,0.66615891456604,73.68553076458632,0.66615891456604,0.007849114015698433,4194304
ArchSid/En-Mr_Mono-AG-openchat,True,openchat/openchat-3.5-0106,0.062435656785964966,4096,4096,4.236685752868652,-0.2642180410725931,1.1514545679092407,-0.10686935484409332,2.1936839908064147,-0.062364323550240075,model.layers.23.self_attn.o_proj,4045,156.20106506347656,4045,0.8662348985671997,180.32183339858707,0.8662348985671997,1.0095084689965006e-05,16777216
ArchSid/En-Mr_Mono-AG-openchat,True,openchat/openchat-3.5-0106,0.028219550848007202,14336,4096,5.305405139923096,4.795472800685305,1.187696099281311,4.795607566833496,2.830084660634585,0.9038843734287968,model.layers.23.mlp.gate_proj,4096,676.2147827148438,4096,8.014646530151367,84.37237751794807,8.014646530151367,0.005180307198315859,58720256
ArchSid/En-Mr_Mono-AG-openchat,True,openchat/openchat-3.5-0106,0.04478234052658081,14336,4096,9.366183280944824,-0.6205465401937965,1.195008635520935,-0.59596186876297,2.69898262159496,-0.06625393947353955,model.layers.23.mlp.up_proj,4096,500.0145263671875,4096,0.8585113883018494,582.420376922693,0.8585113883018494,0.005344333592802286,58720256
ArchSid/En-Mr_Mono-AG-openchat,True,openchat/openchat-3.5-0106,0.03307989239692688,4096,14336,5.98186731338501,-0.5376246593205862,1.193658709526062,0.11757678538560867,2.6968554192230596,-0.08987572461154375,model.layers.23.mlp.down_proj,4096,497.5714111328125,4096,0.8130631446838379,611.9714248347767,0.8130631446838379,0.005071568302810192,58720256
ArchSid/En-Mr_Mono-AG-openchat,True,openchat/openchat-3.5-0106,0.029516875743865967,4096,4096,3.482640027999878,1.740988500216582,1.1396502256393433,1.7702374458312988,2.3024798048285446,0.49990480963272355,model.layers.24.self_attn.q_proj,4044,200.6687774658203,4044,3.1615846157073975,63.47094949439496,3.1615846157073975,1.0279616617481224e-05,16777216
ArchSid/En-Mr_Mono-AG-openchat,True,openchat/openchat-3.5-0106,0.037006258964538574,1024,4096,5.426184177398682,-0.050470742667516784,1.003310203552246,-0.02771911211311817,1.8368151877567243,-0.009301332394454865,model.layers.24.self_attn.k_proj,1024,68.6776123046875,1024,0.9788106083869934,70.16435224160787,0.9788106083869934,0.0023142308928072453,4194304
ArchSid/En-Mr_Mono-AG-openchat,True,openchat/openchat-3.5-0106,0.028989553451538086,1024,4096,7.185062885284424,-3.843335377175017,1.0304597616195679,-3.7897987365722656,1.6937887991977254,-0.5349062963730591,model.layers.24.self_attn.v_proj,1024,49.40703582763672,1024,0.2918056547641754,169.3148676901595,0.2918056547641754,0.008531743660569191,4194304
ArchSid/En-Mr_Mono-AG-openchat,True,openchat/openchat-3.5-0106,0.020544439554214478,4096,4096,5.482840061187744,-2.290339940907134,1.1565613746643066,-1.4550440311431885,2.198937922458404,-0.4177287528629786,model.layers.24.self_attn.o_proj,4048,158.10220336914062,4048,0.38218289613723755,413.68204848279737,0.38218289613723755,1.0285607459081803e-05,16777216
ArchSid/En-Mr_Mono-AG-openchat,True,openchat/openchat-3.5-0106,0.032836973667144775,14336,4096,5.4803314208984375,5.183269531062304,1.1878958940505981,5.1833367347717285,2.8368519301770663,0.9457949041725229,model.layers.24.mlp.gate_proj,4096,686.834228515625,4096,8.826629638671875,77.81387195701706,8.826629638671875,0.005509084090590477,58720256
ArchSid/En-Mr_Mono-AG-openchat,True,openchat/openchat-3.5-0106,0.05226212739944458,14336,4096,9.825404167175293,-0.7171512279354298,1.195447564125061,-0.6762014031410217,2.697314285339013,-0.07298948885291542,model.layers.24.mlp.up_proj,4096,498.097412109375,4096,0.8452993035316467,589.2556755084644,0.8452993035316467,0.005375330802053213,58720256
ArchSid/En-Mr_Mono-AG-openchat,True,openchat/openchat-3.5-0106,0.035375118255615234,4096,14336,4.379344940185547,0.3770698352103578,1.1914799213409424,0.9896005988121033,2.69612440184165,0.08610188061467976,model.layers.24.mlp.down_proj,4096,496.7345886230469,4096,1.2192755937576294,407.4014038878474,1.2192755937576294,0.004925156943500042,58720256
ArchSid/En-Mr_Mono-AG-openchat,True,openchat/openchat-3.5-0106,0.034193605184555054,4096,4096,4.474124908447266,2.030784312138111,1.1422852277755737,2.0354621410369873,2.2850483604812073,0.4538953099641757,model.layers.25.self_attn.q_proj,4047,192.77395629882812,4047,2.843775510787964,67.78803585850333,2.843775510787964,1.0047947398561519e-05,16777216
ArchSid/En-Mr_Mono-AG-openchat,True,openchat/openchat-3.5-0106,0.04976189136505127,1024,4096,5.107321739196777,-0.1602052945518973,1.000393271446228,-0.1154286190867424,1.807812274562057,-0.03136777018028487,model.layers.25.self_attn.k_proj,1024,64.24099731445312,1024,0.9303197264671326,69.0526014732664,0.9303197264671326,0.002124988241121173,4194304
ArchSid/En-Mr_Mono-AG-openchat,True,openchat/openchat-3.5-0106,0.030644714832305908,1024,4096,6.8815460205078125,-3.501567138504684,1.0271642208099365,-3.4177441596984863,1.7197105945719287,-0.5088343706588031,model.layers.25.self_attn.v_proj,1024,52.44578552246094,1024,0.30986008048057556,169.25634770739256,0.30986008048057556,0.008763456717133522,4194304
ArchSid/En-Mr_Mono-AG-openchat,True,openchat/openchat-3.5-0106,0.02813500165939331,4096,4096,6.0675129890441895,-2.0676153378018913,1.1546343564987183,-1.5246752500534058,2.224794610367113,-0.340768176604695,model.layers.25.self_attn.o_proj,4049,167.801025390625,4049,0.4562804102897644,367.75855725224244,0.4562804102897644,1.0155767085961998e-05,16777216
ArchSid/En-Mr_Mono-AG-openchat,True,openchat/openchat-3.5-0106,0.0392974317073822,14336,4096,5.638019561767578,5.354499786091824,1.1884453296661377,5.354564189910889,2.836296912098183,0.9497128783308323,model.layers.25.mlp.gate_proj,4096,685.95703125,4096,8.90661907196045,77.01654530275235,8.90661907196045,0.004532689228653908,58720256
ArchSid/En-Mr_Mono-AG-openchat,True,openchat/openchat-3.5-0106,0.05972236394882202,14336,4096,10.074378967285156,-0.26045454469104495,1.19573175907135,-0.23626112937927246,2.7020173478190115,-0.025853161325063025,model.layers.25.mlp.up_proj,4096,503.5207214355469,4096,0.9422081112861633,534.4049954613687,0.9422081112861633,0.0048362561501562595,58720256
ArchSid/En-Mr_Mono-AG-openchat,True,openchat/openchat-3.5-0106,0.03176957368850708,4096,14336,4.413901329040527,0.4199335893177081,1.1890993118286133,1.1887426376342773,2.7016549811915054,0.095138871037924,model.layers.25.mlp.down_proj,4096,503.10076904296875,4096,1.2449126243591309,404.1253652656629,1.2449126243591309,0.005085855722427368,58720256
ArchSid/En-Mr_Mono-AG-openchat,True,openchat/openchat-3.5-0106,0.03073751926422119,4096,4096,3.451409101486206,1.7263801096315359,1.1405065059661865,1.7502708435058594,2.2725539531368186,0.50019573422581,model.layers.26.self_attn.q_proj,4044,187.30697631835938,4044,3.163703203201294,59.20497729648813,3.163703203201294,1.0154194569622632e-05,16777216
ArchSid/En-Mr_Mono-AG-openchat,True,openchat/openchat-3.5-0106,0.0345209538936615,1024,4096,4.739504814147949,0.081357011986115,0.9970691204071045,0.11089136451482773,1.775267874159643,0.017165719875050084,model.layers.26.self_attn.k_proj,1024,59.60296630859375,1024,1.0403170585632324,57.293077930405744,1.0403170585632324,0.0024610001128166914,4194304
ArchSid/En-Mr_Mono-AG-openchat,True,openchat/openchat-3.5-0106,0.046703219413757324,1024,4096,7.194255828857422,-2.692291004347705,1.0244942903518677,-2.671407461166382,1.745614213523069,-0.37422786572983036,model.layers.26.self_attn.v_proj,1024,55.66910171508789,1024,0.4224469065666199,131.7777473328684,0.4224469065666199,0.008487295359373093,4194304
ArchSid/En-Mr_Mono-AG-openchat,True,openchat/openchat-3.5-0106,0.0250740647315979,4096,4096,4.971144676208496,-0.11862451382783783,1.1512683629989624,-0.016661511734128,2.23004422472898,-0.023862615464716876,model.layers.26.self_attn.o_proj,4048,169.84165954589844,4048,0.9465365409851074,179.43486827157864,0.9465365409851074,1.0079641469928902e-05,16777216
ArchSid/En-Mr_Mono-AG-openchat,True,openchat/openchat-3.5-0106,0.03897058963775635,14336,4096,5.674941062927246,5.323288510222731,1.1886764764785767,5.323396682739258,2.832044280942509,0.9380341489356145,model.layers.26.mlp.gate_proj,4096,679.2728881835938,4096,8.670300483703613,78.34479202425922,8.670300483703613,0.002829768927767873,58720256
ArchSid/En-Mr_Mono-AG-openchat,True,openchat/openchat-3.5-0106,0.061067044734954834,14336,4096,9.901313781738281,0.20793246703229348,1.1958543062210083,0.22431360185146332,2.7113668313683545,0.021000492623089936,model.layers.26.mlp.up_proj,4096,514.47802734375,4096,1.0495436191558838,490.1921348990994,1.0495436191558838,0.002956871874630451,58720256
ArchSid/En-Mr_Mono-AG-openchat,True,openchat/openchat-3.5-0106,0.029238522052764893,4096,14336,3.8987021446228027,0.01945410199416971,1.1864795684814453,1.3547500371932983,2.7119325927244784,0.004989891833876395,model.layers.26.mlp.down_proj,4096,515.148681640625,4096,1.0115559101104736,509.26367637391866,1.0115559101104736,0.004869342781603336,58720256
ArchSid/En-Mr_Mono-AG-openchat,True,openchat/openchat-3.5-0106,0.0234224796295166,4096,4096,4.527099132537842,2.2251753660095646,1.145292043685913,2.227034330368042,2.282742630081406,0.4915234460002107,model.layers.27.self_attn.q_proj,4046,191.75320434570312,4046,3.1011548042297363,61.832838555549216,3.1011548042297363,1.0023803042713553e-05,16777216
ArchSid/En-Mr_Mono-AG-openchat,True,openchat/openchat-3.5-0106,0.025685250759124756,1024,4096,5.105131149291992,0.3666529265246659,1.0091028213500977,0.371837854385376,1.8154602535166582,0.07182047156134576,model.layers.27.self_attn.k_proj,1024,65.38230895996094,1024,1.1798328161239624,55.41658789823944,1.1798328161239624,0.0017366029787808657,4194304
ArchSid/En-Mr_Mono-AG-openchat,True,openchat/openchat-3.5-0106,0.04936647415161133,1024,4096,5.90680456161499,-1.550354071714149,1.026492953300476,-1.534651279449463,1.724071359425973,-0.26246916679604243,model.layers.27.self_attn.v_proj,1024,52.97504806518555,1024,0.5464253425598145,96.94837325263082,0.5464253425598145,0.006601803936064243,4194304
ArchSid/En-Mr_Mono-AG-openchat,True,openchat/openchat-3.5-0106,0.011727452278137207,4096,4096,4.290707588195801,0.19537801726594406,1.147681713104248,0.40493571758270264,2.218705172840696,0.04553515084631963,model.layers.27.self_attn.o_proj,4045,165.46463012695312,4045,1.1105424165725708,148.99442619906495,1.1105424165725708,1.0623771231621504e-05,16777216
ArchSid/En-Mr_Mono-AG-openchat,True,openchat/openchat-3.5-0106,0.02918541431427002,14336,4096,5.562001705169678,5.2885051775882514,1.1891134977340698,5.288647174835205,2.833046520695421,0.950827680019008,model.layers.27.mlp.gate_proj,4096,680.84228515625,4096,8.929511070251465,76.24631178569967,8.929511070251465,0.005665170960128307,58720256
ArchSid/En-Mr_Mono-AG-openchat,True,openchat/openchat-3.5-0106,0.06777667999267578,14336,4096,9.117913246154785,1.4993006976057017,1.1961147785186768,1.5002869367599487,2.718168319942657,0.16443463072408462,model.layers.27.mlp.up_proj,4096,522.5986938476562,4096,1.4602749347686768,357.8769185204439,1.4602749347686768,0.006444418802857399,58720256
ArchSid/En-Mr_Mono-AG-openchat,True,openchat/openchat-3.5-0106,0.04015070199966431,4096,14336,3.6179463863372803,0.17082761235247992,1.1848816871643066,1.5847853422164917,2.7187603994129064,0.047216734055979634,model.layers.27.mlp.down_proj,4096,523.3116455078125,4096,1.1148507595062256,469.4006269857954,1.1148507595062256,0.0058006905019283295,58720256
ArchSid/En-Mr_Mono-AG-openchat,True,openchat/openchat-3.5-0106,0.031076014041900635,4096,4096,3.314441680908203,1.7742615031898852,1.1334624290466309,1.8034207820892334,2.2534813455571183,0.5353123313075501,model.layers.28.self_attn.q_proj,4038,179.2591552734375,4038,3.4301438331604004,52.25995293272443,3.4301438331604004,1.0496564755158033e-05,16777216
ArchSid/En-Mr_Mono-AG-openchat,True,openchat/openchat-3.5-0106,0.038819462060928345,1024,4096,4.998922348022461,0.03595388361649417,0.990151047706604,0.05052837356925011,1.722349642369997,0.007192326888357703,model.layers.28.self_attn.k_proj,1024,52.76544952392578,1024,1.0166988372802734,51.89879990920057,1.0166988372802734,0.0018359797541052103,4194304
ArchSid/En-Mr_Mono-AG-openchat,True,openchat/openchat-3.5-0106,0.05932527780532837,1024,4096,3.2421722412109375,-1.3402906724095158,1.0176334381103516,-0.13071714341640472,1.8479553768767054,-0.4133928035571987,model.layers.28.self_attn.v_proj,1024,70.46206665039062,1024,0.38601768016815186,182.53585333111397,0.38601768016815186,0.0067775193601846695,4194304
ArchSid/En-Mr_Mono-AG-openchat,True,openchat/openchat-3.5-0106,0.020440757274627686,4096,4096,5.622729301452637,-0.44826571097727647,1.1456871032714844,-0.3472791314125061,2.2726791781469666,-0.07972386486069437,model.layers.28.self_attn.o_proj,4044,187.36099243164062,4044,0.8322927951812744,225.11427891290728,0.8322927951812744,1.0090876457979903e-05,16777216
ArchSid/En-Mr_Mono-AG-openchat,True,openchat/openchat-3.5-0106,0.029783308506011963,14336,4096,4.877245903015137,4.618648971817777,1.1881946325302124,4.620506286621094,2.828779437921359,0.946978902368344,model.layers.28.mlp.gate_proj,4096,674.185546875,4096,8.850726127624512,76.17290797991824,8.850726127624512,0.006626281421631575,58720256
ArchSid/En-Mr_Mono-AG-openchat,True,openchat/openchat-3.5-0106,0.05389493703842163,14336,4096,7.390768527984619,2.805177174672167,1.1952489614486694,2.80564022064209,2.7304621987095636,0.3795514856202793,model.layers.28.mlp.up_proj,4096,537.6036376953125,4096,2.3963568210601807,224.3420649924202,2.3963568210601807,0.0066915592178702354,58720256
ArchSid/En-Mr_Mono-AG-openchat,True,openchat/openchat-3.5-0106,0.024439990520477295,4096,14336,4.364895820617676,-0.5488968220487285,1.1903523206710815,1.0032745599746704,2.7281840034653757,-0.12575255965010734,model.layers.28.mlp.down_proj,4096,534.7908935546875,4096,0.7485958933830261,714.3919680588692,0.7485958933830261,0.005188168492168188,58720256
ArchSid/En-Mr_Mono-AG-openchat,True,openchat/openchat-3.5-0106,0.020721852779388428,4096,4096,3.2048630714416504,1.7031834735135987,1.1289530992507935,1.7446691989898682,2.219830551699251,0.5314372051307178,model.layers.29.self_attn.q_proj,4032,165.89395141601562,4032,3.3996734619140625,48.79702514800203,3.3996734619140625,1.035591685649706e-05,16777216
ArchSid/En-Mr_Mono-AG-openchat,True,openchat/openchat-3.5-0106,0.02954283356666565,1024,4096,3.8104560375213623,0.0036542242658355573,0.9873586297035217,0.08054469525814056,1.6729019178202618,0.0009589991932337235,model.layers.29.self_attn.k_proj,1024,47.08709716796875,1024,1.0022106170654297,46.983235226388196,1.0022106170654297,0.0015395097434520721,4194304
ArchSid/En-Mr_Mono-AG-openchat,True,openchat/openchat-3.5-0106,0.06686067581176758,1024,4096,7.118407726287842,-1.6005330624148093,1.0270291566848755,-1.5808311700820923,1.9513161405136472,-0.2248442522481733,model.layers.29.self_attn.v_proj,1024,89.39559936523438,1024,0.5958757996559143,150.02387983679728,0.5958757996559143,0.006801560055464506,4194304
ArchSid/En-Mr_Mono-AG-openchat,True,openchat/openchat-3.5-0106,0.046795666217803955,4096,4096,6.283731937408447,-0.5561677553802176,1.1460646390914917,-0.31444165110588074,2.314883534808547,-0.08850914725837171,model.layers.29.self_attn.o_proj,4044,206.48263549804688,4044,0.8156256079673767,253.15859811295397,0.8156256079673767,1.0028969882114325e-05,16777216
ArchSid/En-Mr_Mono-AG-openchat,True,openchat/openchat-3.5-0106,0.033503949642181396,14336,4096,4.324909210205078,3.8173788862543088,1.1870297193527222,3.827258348464966,2.8238288673110614,0.8826494848138782,model.layers.29.mlp.gate_proj,4096,666.5440673828125,4096,7.632195472717285,87.3332017982898,7.632195472717285,0.007668530568480492,58720256
ArchSid/En-Mr_Mono-AG-openchat,True,openchat/openchat-3.5-0106,0.04404294490814209,14336,4096,6.014286041259766,3.194387166612001,1.1929023265838623,3.229551076889038,2.7421158526649116,0.5311332292307962,model.layers.29.mlp.up_proj,4096,552.2247314453125,4096,3.397294759750366,162.54837171852878,3.397294759750366,0.007970056496560574,58720256
ArchSid/En-Mr_Mono-AG-openchat,True,openchat/openchat-3.5-0106,0.026804864406585693,4096,14336,8.296642303466797,-0.3297624297982984,1.1942694187164307,-0.2536073327064514,2.731519565472083,-0.03974649234431926,model.layers.29.mlp.down_proj,4096,538.9141235351562,4096,0.9125433564186096,590.5627603823582,0.9125433564186096,0.005855911877006292,58720256
ArchSid/En-Mr_Mono-AG-openchat,True,openchat/openchat-3.5-0106,0.03477060794830322,4096,4096,2.9789226055145264,1.7223700388186274,1.1200915575027466,1.7866790294647217,2.2198755286212206,0.5781855613268394,model.layers.30.self_attn.q_proj,4029,165.9111328125,4029,3.786043167114258,43.821775264902314,3.786043167114258,1.0130269401997793e-05,16777216
ArchSid/En-Mr_Mono-AG-openchat,True,openchat/openchat-3.5-0106,0.05017125606536865,1024,4096,4.475190162658691,-0.04028286804170518,0.9774273633956909,-0.0075719621963799,1.6490382821086398,-0.0090013757131101,model.layers.30.self_attn.k_proj,1024,44.56955337524414,1024,0.979486882686615,45.502960951345464,0.979486882686615,0.0016037605237215757,4194304
ArchSid/En-Mr_Mono-AG-openchat,True,openchat/openchat-3.5-0106,0.0531122088432312,1024,4096,9.971662521362305,-2.6626095972763593,1.014079213142395,-2.5533857345581055,1.9687892769175455,-0.26701762033886,model.layers.30.self_attn.v_proj,1024,93.06562042236328,1024,0.5407323837280273,172.11031412753815,0.5407323837280273,0.007144553121179342,4194304
ArchSid/En-Mr_Mono-AG-openchat,True,openchat/openchat-3.5-0106,0.015935182571411133,4096,4096,4.82341194152832,1.322237561256933,1.1403158903121948,1.3436931371688843,2.3278045573195367,0.2741290972626269,model.layers.30.self_attn.o_proj,4045,212.71815490722656,4045,1.8798755407333374,113.15544582501747,1.8798755407333374,1.00604547697003e-05,16777216
ArchSid/En-Mr_Mono-AG-openchat,True,openchat/openchat-3.5-0106,0.02397763729095459,14336,4096,3.6599724292755127,3.08135886644977,1.1867108345031738,3.144949197769165,2.8304859948636696,0.8419076717088061,model.layers.30.mlp.gate_proj,4096,676.8399658203125,4096,6.948765754699707,97.40434340624313,6.948765754699707,0.008440526202321053,58720256
ArchSid/En-Mr_Mono-AG-openchat,True,openchat/openchat-3.5-0106,0.0441245436668396,14336,4096,5.221471309661865,4.421133705105837,1.189241886138916,4.421443462371826,2.755129223238527,0.8467218228174356,model.layers.30.mlp.up_proj,4096,569.022216796875,4096,7.02622127532959,80.98552472220325,7.02622127532959,0.008710232563316822,58720256
ArchSid/En-Mr_Mono-AG-openchat,True,openchat/openchat-3.5-0106,0.025051355361938477,4096,14336,6.839649677276611,0.8047214808715228,1.1935549974441528,0.8418235778808594,2.7326369691911583,0.11765536523676812,model.layers.30.mlp.down_proj,4096,540.302490234375,4096,1.3111590147018433,412.0800636505858,1.3111590147018433,0.008062822744250298,58720256
ArchSid/En-Mr_Mono-AG-openchat,True,openchat/openchat-3.5-0106,0.030329644680023193,4096,4096,3.676752805709839,2.2651871867184052,1.1093086004257202,2.2827608585357666,2.2100609329651597,0.6160836222660024,model.layers.31.self_attn.q_proj,4026,162.20376586914062,4026,4.131270408630371,39.26244225754169,4.131270408630371,1.0314690371160395e-05,16777216
ArchSid/En-Mr_Mono-AG-openchat,True,openchat/openchat-3.5-0106,0.04061406850814819,1024,4096,3.809488534927368,0.0354674030274393,0.9730130434036255,0.12446653097867966,1.6430111669782284,0.009310279503995284,model.layers.31.self_attn.k_proj,1024,43.955291748046875,1024,1.0216691493988037,43.02301951068225,1.0216691493988037,0.0010308038908988237,4194304
ArchSid/En-Mr_Mono-AG-openchat,True,openchat/openchat-3.5-0106,0.046964943408966064,1024,4096,2.8164758682250977,-0.7093801422599098,1.0097891092300415,0.7013536095619202,1.9890619762781352,-0.2518679993899436,model.layers.31.self_attn.v_proj,1024,97.51287841796875,1024,0.559927761554718,174.15260523466554,0.559927761554718,1.366338437946979e-05,4194304
ArchSid/En-Mr_Mono-AG-openchat,True,openchat/openchat-3.5-0106,0.06684088706970215,4096,4096,3.6051700115203857,3.5337581612801126,1.117328405380249,3.5354952812194824,2.3574790439181417,0.9801918217415336,model.layers.31.self_attn.o_proj,4036,227.76083374023438,4036,9.554144859313965,23.838955457975832,9.554144859313965,1.0108718925039284e-05,16777216
ArchSid/En-Mr_Mono-AG-openchat,True,openchat/openchat-3.5-0106,0.022605597972869873,14336,4096,3.489628553390503,2.9876953600908815,1.1866704225540161,3.162733316421509,2.8699861977072234,0.8561642920958031,model.layers.31.mlp.gate_proj,4096,741.2866821289062,4096,7.18065881729126,103.2337980386791,7.18065881729126,0.008609526790678501,58720256
ArchSid/En-Mr_Mono-AG-openchat,True,openchat/openchat-3.5-0106,0.027054905891418457,14336,4096,4.149590015411377,5.430303791292552,1.1734415292739868,5.430532932281494,2.7756361323765137,1.3086362197529553,model.layers.31.mlp.up_proj,4096,596.5352783203125,4096,20.353364944458008,29.308926555790094,20.353364944458008,0.009980818256735802,58720256
ArchSid/En-Mr_Mono-AG-openchat,True,openchat/openchat-3.5-0106,0.03290712833404541,4096,14336,5.7357378005981445,2.893606227216168,1.1914275884628296,2.8951921463012695,2.6961846177754065,0.504487186794768,model.layers.31.mlp.down_proj,4096,496.803466796875,4096,3.195120096206665,155.48819820159306,3.195120096206665,0.014726857654750347,58720256
ArchSid/En-Mr_Mono-AG-openchat,True,openchat/openchat-3.5-0106,0.020899653434753418,32002,4096,4.616957664489746,11.118465629397546,1.1335512399673462,11.1184663772583,3.3625544432845693,2.408180112828981,lm_head,4096,2304.3818359375,4096,255.9647216796875,9.002732176589506,255.9647216796875,0.0004394918214529753,131080192
