model_id,is_adapter,D,M,N,alpha,alpha_weighted,entropy,log_alpha_norm,log_norm,log_spectral_norm,longname,matrix_rank,norm,num_evals,spectral_norm,stable_rank,xmax,xmin,params
ehristoforu/SoRu-0003,False,0.05350419878959656,896,896,1.8893225193023682,5.842810041669195,0.5703222155570984,5.9395952224731445,3.5925854678777585,3.092542422998616,model.layers.0.self_attn.q_proj,888,3913.681396484375,889,1237.4920654296875,3.162591103261296,1237.4920654296875,1.2818441064155195e-05,803712
ehristoforu/SoRu-0003,False,0.08414304256439209,128,896,1.8855135440826416,4.1290428848797625,0.6251232624053955,4.5114593505859375,2.88268257984221,2.18987707504836,model.layers.0.self_attn.k_proj,128,763.2777099609375,128,154.83782958984375,4.929529895780734,154.83782958984375,0.013130993582308292,114816
ehristoforu/SoRu-0003,False,0.13064873218536377,128,896,2.3995323181152344,-0.931484733086769,0.9419398307800293,0.24897564947605133,1.1931803597877442,-0.38819428521738947,model.layers.0.self_attn.v_proj,128,15.60200309753418,128,0.40907761454582214,38.13946924193416,0.40907761454582214,0.0017492275219410658,114816
ehristoforu/SoRu-0003,False,0.03477680683135986,896,896,4.126237869262695,3.5740500689062094,0.8328787088394165,3.665268898010254,2.16754457029228,0.8661764498673571,model.layers.0.self_attn.o_proj,879,147.07693481445312,879,7.348123550415039,20.015577283828588,7.348123550415039,1.1447279575804714e-05,802816
ehristoforu/SoRu-0003,False,0.07521045207977295,4864,896,2.984635591506958,4.65161326350653,0.9972558617591858,5.360688209533691,3.378489280282942,1.558519665430213,model.layers.0.mlp.gate_proj,896,2390.5029296875,896,36.18425750732422,66.06472246124237,36.18425750732422,0.23007634282112122,4358144
ehristoforu/SoRu-0003,False,0.03374648094177246,4864,896,9.791211128234863,6.934950574146673,1.0294504165649414,7.472893238067627,3.174727461141023,0.7082832229149255,model.layers.0.mlp.up_proj,896,1495.2969970703125,896,5.108380317687988,292.71450128581495,5.108380317687988,0.13035175204277039,4358144
ehristoforu/SoRu-0003,False,0.02544170618057251,896,4864,6.1945695877075195,7.121001384725401,1.027854084968567,7.131154537200928,3.161861231856818,1.1495554749851045,model.layers.0.mlp.down_proj,896,1451.647705078125,896,14.11092472076416,102.87403085228229,14.11092472076416,0.05160709097981453,4358144
ehristoforu/SoRu-0003,False,0.04497411847114563,896,896,2.960033416748047,3.632238779292581,0.905234694480896,4.330819606781006,2.8553856007963354,1.2270938425023028,model.layers.1.self_attn.q_proj,892,716.779541015625,892,16.86917495727539,42.49049184865381,16.86917495727539,1.4929200915503316e-05,803712
ehristoforu/SoRu-0003,False,0.06528449058532715,128,896,4.497913360595703,4.169910985948627,0.9351645112037659,4.37421989440918,2.2925750552689936,0.9270767690812891,model.layers.1.self_attn.k_proj,128,196.14401245117188,128,8.454282760620117,23.20055030153555,8.454282760620117,0.01990683190524578,114816
ehristoforu/SoRu-0003,False,0.12508487701416016,128,896,8.189653396606445,-5.33088933692038,0.9915632009506226,-4.358139991760254,1.2002324237172624,-0.6509297864949138,model.layers.1.self_attn.v_proj,128,15.857416152954102,128,0.22339333593845367,70.98428467589974,0.22339333593845367,0.01654399372637272,114816
ehristoforu/SoRu-0003,False,0.05423206090927124,896,896,5.667110919952393,3.3742525442217217,0.9253116250038147,3.404834508895874,2.275968966985904,0.5954096526224455,model.layers.1.self_attn.o_proj,888,188.78564453125,888,3.9392147064208984,47.924690224051616,3.9392147064208984,1.2128032722102944e-05,802816
ehristoforu/SoRu-0003,False,0.04356226325035095,4864,896,3.70864200592041,5.546356163736046,1.01848304271698,5.725614070892334,3.3905438307028075,1.4955221223515083,model.layers.1.mlp.gate_proj,896,2457.78466796875,896,31.298398971557617,78.52748858503142,31.298398971557617,0.23109133541584015,4358144
ehristoforu/SoRu-0003,False,0.037310123443603516,4864,896,14.867022514343262,9.468864228546787,1.0309165716171265,9.577091217041016,3.122899606457147,0.6369038736177004,model.layers.1.mlp.up_proj,896,1327.087646484375,896,4.334149360656738,306.19333485159035,4.334149360656738,0.16450728476047516,4358144
ehristoforu/SoRu-0003,False,0.030196189880371094,896,4864,5.759108066558838,6.296292424710237,1.0250729322433472,6.33350944519043,3.1091841577729284,1.0932756169780256,model.layers.1.mlp.down_proj,896,1285.831787109375,896,12.395830154418945,103.73099430141784,12.395830154418945,0.11792075634002686,4358144
ehristoforu/SoRu-0003,False,0.047000885009765625,896,896,5.29558801651001,4.62578990638385,0.924366295337677,5.195590019226074,2.750225668898885,0.8735177079414154,model.layers.2.self_attn.q_proj,890,562.6336059570312,890,7.473391056060791,75.28491440318048,7.473391056060791,1.822668855311349e-05,803712
ehristoforu/SoRu-0003,False,0.09833741188049316,128,896,11.288697242736816,7.114915511349787,0.948246419429779,7.191338539123535,2.2046218389478556,0.6302689635801462,model.layers.2.self_attn.k_proj,128,160.18499755859375,128,4.26843786239624,37.52778012063368,4.26843786239624,0.027524039149284363,114816
ehristoforu/SoRu-0003,False,0.10873192548751831,128,896,6.637575626373291,-4.1708260550089244,0.9922438859939575,-3.263284206390381,1.1791964432280608,-0.6283658808250483,model.layers.2.self_attn.v_proj,128,15.107633590698242,128,0.23530660569667816,64.2040351819648,0.23530660569667816,0.04000183194875717,114816
ehristoforu/SoRu-0003,False,0.03080582618713379,896,896,4.244342803955078,3.3036409257695243,0.9258226156234741,3.363496780395508,2.292459358580539,0.7783633599743726,model.layers.2.self_attn.o_proj,888,196.09176635742188,888,6.002931118011475,32.66600307457452,6.002931118011475,1.229355711984681e-05,802816
ehristoforu/SoRu-0003,False,0.02291768789291382,4864,896,3.793090343475342,5.72093735560185,1.0173016786575317,5.933579921722412,3.4104179452682666,1.5082523318862366,model.layers.2.mlp.gate_proj,896,2572.87060546875,896,32.229408264160156,79.82990517172608,32.229408264160156,0.2272617071866989,4358144
ehristoforu/SoRu-0003,False,0.08310988545417786,4864,896,6.523740291595459,9.814124473617527,1.023203730583191,9.81413459777832,3.1359862962668186,1.5043708110608072,model.layers.2.mlp.up_proj,896,1367.6856689453125,896,31.94264030456543,42.816926087034666,31.94264030456543,0.1304078847169876,4358144
ehristoforu/SoRu-0003,False,0.021979570388793945,896,4864,5.895276069641113,5.622087183055598,1.0209964513778687,5.815488815307617,3.1106039294496055,0.9536596957702532,model.layers.2.mlp.down_proj,896,1290.042236328125,896,8.987930297851562,143.53051187284922,8.987930297851562,0.05124691501259804,4358144
ehristoforu/SoRu-0003,False,0.08073481917381287,896,896,3.7637128829956055,3.122248028729154,0.9048221111297607,3.998439073562622,2.6539481434830954,0.8295659434691262,model.layers.3.self_attn.q_proj,888,450.76287841796875,888,6.75407600402832,66.73938495052782,6.75407600402832,1.106476156564895e-05,803712
ehristoforu/SoRu-0003,False,0.06309133768081665,128,896,8.052647590637207,4.233609308653963,0.9366648197174072,4.306337833404541,2.018746458605848,0.5257412870738775,model.layers.3.self_attn.k_proj,128,104.41104888916016,128,3.355376720428467,31.117533913100324,3.355376720428467,0.013813610188663006,114816
ehristoforu/SoRu-0003,False,0.07086503505706787,128,896,9.272296905517578,-2.8290381711714327,0.9863253235816956,-2.2344276905059814,1.4807340594724026,-0.30510651244223896,model.layers.3.self_attn.v_proj,128,30.2506046295166,128,0.4953286945819855,61.071779124456924,0.4953286945819855,0.035895172506570816,114816
ehristoforu/SoRu-0003,False,0.05246531963348389,896,896,3.689008951187134,1.6867253036436418,0.9232455492019653,2.595874071121216,2.3551154837822863,0.45722992976226007,model.layers.3.self_attn.o_proj,888,226.524658203125,888,2.865694761276245,79.0470294548194,2.865694761276245,1.1245504538237583e-05,802816
ehristoforu/SoRu-0003,False,0.03373438119888306,4864,896,5.316765785217285,7.605609643653084,1.0228264331817627,7.631469249725342,3.373167610201374,1.4304955213185602,model.layers.3.mlp.gate_proj,896,2361.389404296875,896,26.946075439453125,87.63388975150883,26.946075439453125,0.15851786732673645,4358144
ehristoforu/SoRu-0003,False,0.061748236417770386,4864,896,13.664494514465332,9.255628050058954,1.0302321910858154,9.370074272155762,3.1444621597249474,0.6773487332634865,model.layers.3.mlp.up_proj,896,1394.64013671875,896,4.757170677185059,293.1658818564809,4.757170677185059,0.06770811229944229,4358144
ehristoforu/SoRu-0003,False,0.02770686149597168,896,4864,4.109329700469971,4.228309382816042,1.01792573928833,4.773502349853516,3.129238877841891,1.0289535498532678,model.layers.3.mlp.down_proj,896,1346.600830078125,896,10.68940544128418,125.97527874444157,10.68940544128418,0.12178224325180054,4358144
ehristoforu/SoRu-0003,False,0.0977570116519928,896,896,2.350278377532959,1.8558692353904422,0.9170475602149963,3.1155245304107666,2.664245103800435,0.7896380501694066,model.layers.4.self_attn.q_proj,891,461.5780029296875,891,6.160813331604004,74.92160175700583,6.160813331604004,1.2453670933609828e-05,803712
ehristoforu/SoRu-0003,False,0.11959224939346313,128,896,6.202698707580566,2.420717474291388,0.9355432391166687,2.9349825382232666,1.9374861648243866,0.3902684280526043,model.layers.4.self_attn.k_proj,128,86.59367370605469,128,2.4562265872955322,35.25475790952986,2.4562265872955322,0.008200730197131634,114816
ehristoforu/SoRu-0003,False,0.09600681066513062,128,896,7.576653003692627,-1.8705611961970086,0.9944125413894653,-1.0439695119857788,1.5820168773565735,-0.24688489697038452,model.layers.4.self_attn.v_proj,128,38.1959114074707,128,0.5663893818855286,67.43754849413892,0.5663893818855286,0.08786895871162415,114816
ehristoforu/SoRu-0003,False,0.07457411289215088,896,896,4.921789646148682,2.4647624847305334,0.9193253517150879,3.2101407051086426,2.4251289504192806,0.5007858242497664,model.layers.4.self_attn.o_proj,888,266.1515197753906,888,3.1680047512054443,84.01234867912316,3.1680047512054443,1.2253622116986662e-05,802816
ehristoforu/SoRu-0003,False,0.016363918781280518,4864,896,3.8260281085968018,6.073033868652125,1.0131713151931763,6.164803981781006,3.3716251715679357,1.5872946293850974,model.layers.4.mlp.gate_proj,896,2353.017578125,896,38.66291809082031,60.85980299256496,38.66291809082031,0.17703215777873993,4358144
ehristoforu/SoRu-0003,False,0.05988222360610962,4864,896,11.968069076538086,9.884494465641687,1.029769778251648,9.89290714263916,3.168435365120232,0.8259055326660014,model.layers.4.mlp.up_proj,896,1473.7891845703125,896,6.697389125823975,220.05428636177584,6.697389125823975,0.1101432517170906,4358144
ehristoforu/SoRu-0003,False,0.036982595920562744,896,4864,4.627042770385742,5.93667865701398,1.0205262899398804,5.960278511047363,3.1408653408607767,1.2830395031163842,model.layers.4.mlp.down_proj,896,1383.137451171875,896,19.188432693481445,72.08183561765023,19.188432693481445,0.06881332397460938,4358144
ehristoforu/SoRu-0003,False,0.0943337082862854,896,896,2.526169776916504,1.929821143530607,0.9131497740745544,3.140103578567505,2.628330017630709,0.7639316886635337,model.layers.5.self_attn.q_proj,889,424.9423522949219,889,5.8067307472229,73.18099818872311,5.8067307472229,2.046164263447281e-05,803712
ehristoforu/SoRu-0003,False,0.13455674052238464,128,896,4.0838470458984375,1.3647194777696403,0.9277392029762268,2.2939670085906982,1.890692215325236,0.3341749733600527,model.layers.5.self_attn.k_proj,128,77.74853515625,128,2.158613920211792,36.01780495727634,2.158613920211792,0.006844081915915012,114816
ehristoforu/SoRu-0003,False,0.12799042463302612,128,896,15.09669017791748,-4.417942420369674,0.9977949857711792,-3.662221908569336,1.6089535296921633,-0.2926431137092534,model.layers.5.self_attn.v_proj,128,40.639984130859375,128,0.5097495913505554,79.72538834839635,0.5097495913505554,0.07779591530561447,114816
ehristoforu/SoRu-0003,False,0.04986250400543213,896,896,6.644102573394775,4.337250155017778,0.9334579706192017,4.365777492523193,2.43666958101894,0.6527969890750316,model.layers.5.self_attn.o_proj,889,273.31884765625,889,4.495696544647217,60.795662016306686,4.495696544647217,1.1438800356700085e-05,802816
ehristoforu/SoRu-0003,False,0.030889540910720825,4864,896,3.2879717350006104,6.008460362447082,1.0042939186096191,6.0779805183410645,3.4360992580897642,1.8274063303180939,model.layers.5.mlp.gate_proj,896,2729.6015625,896,67.20573425292969,40.61560509445679,67.20573425292969,0.1768384575843811,4358144
ehristoforu/SoRu-0003,False,0.06584244966506958,4864,896,21.76144790649414,12.878967156417026,1.028127908706665,13.081358909606934,3.129329181168859,0.5918249195437787,model.layers.5.mlp.up_proj,896,1346.880859375,896,3.9068336486816406,344.7499895035214,3.9068336486816406,0.10133853554725647,4358144
ehristoforu/SoRu-0003,False,0.02726501226425171,896,4864,4.613850116729736,5.289740759587938,1.0146418809890747,5.370336055755615,3.093690351168316,1.1464916773970257,model.layers.5.mlp.down_proj,896,1240.767333984375,896,14.011727333068848,88.55206103362148,14.011727333068848,0.09113887697458267,4358144
ehristoforu/SoRu-0003,False,0.07746875286102295,896,896,7.733945846557617,6.320847787290779,0.9066683650016785,6.615870952606201,2.6566975071164434,0.817286274393063,model.layers.6.self_attn.q_proj,890,453.62554931640625,890,6.565779209136963,69.08937003016173,6.565779209136963,1.2102426808269229e-05,803712
ehristoforu/SoRu-0003,False,0.14218786358833313,128,896,4.1896209716796875,1.4430807908446612,0.9417842030525208,2.4260785579681396,1.9803821487435886,0.34444184822430524,model.layers.6.self_attn.k_proj,128,95.58332824707031,128,2.210252285003662,43.24543804143695,2.210252285003662,0.007798719685524702,114816
ehristoforu/SoRu-0003,False,0.09854593873023987,128,896,9.182621955871582,-2.3894117326574555,0.9788426756858826,-1.8076107501983643,1.4861988247412259,-0.2602101822486126,model.layers.6.self_attn.v_proj,128,30.633655548095703,128,0.5492749810218811,55.771073881982204,0.5492749810218811,0.04067939892411232,114816
ehristoforu/SoRu-0003,False,0.03140692412853241,896,896,3.539524555206299,2.3592737675596758,0.9084476232528687,3.0999155044555664,2.412163021069944,0.6665510383561012,model.layers.6.self_attn.o_proj,887,258.3229675292969,887,4.640353202819824,55.66881576435186,4.640353202819824,1.2363851055852138e-05,802816
ehristoforu/SoRu-0003,False,0.02639758586883545,4864,896,5.104123592376709,7.899187579037162,1.0169626474380493,7.906527519226074,3.348803815658644,1.547608994193447,model.layers.6.mlp.gate_proj,896,2232.5634765625,896,35.28653335571289,63.26956105482796,35.28653335571289,0.17951467633247375,4358144
ehristoforu/SoRu-0003,False,0.05282312631607056,4864,896,15.504947662353516,11.340721441114562,1.0280981063842773,11.381021499633789,3.18931104875436,0.7314259737006517,model.layers.6.mlp.up_proj,896,1546.361572265625,896,5.387979984283447,287.0021003745947,5.387979984283447,0.11096025258302689,4358144
ehristoforu/SoRu-0003,False,0.0417419970035553,896,4864,4.848867416381836,5.097437723501021,1.0168415307998657,5.404932022094727,3.1573893603812393,1.0512635809095117,model.layers.6.mlp.down_proj,896,1436.7769775390625,896,11.252877235412598,127.68085419234396,11.252877235412598,0.13492532074451447,4358144
ehristoforu/SoRu-0003,False,0.0923829972743988,896,896,2.669187545776367,2.047615492464941,0.9188063740730286,3.224104642868042,2.6524465454727175,0.7671306183430305,model.layers.7.self_attn.q_proj,890,449.20703125,890,5.8496599197387695,76.79199088723442,5.8496599197387695,1.1443683433753904e-05,803712
ehristoforu/SoRu-0003,False,0.10983657836914062,128,896,11.640140533447266,4.552307077855141,0.941729724407196,4.699132919311523,1.9711319891992327,0.3910869516372549,model.layers.7.self_attn.k_proj,128,93.56900024414062,128,2.460860252380371,38.022882507705205,2.460860252380371,0.005440765526145697,114816
ehristoforu/SoRu-0003,False,0.12165907025337219,128,896,5.84993314743042,-1.5636294831395003,0.9937955737113953,-0.351255863904953,1.6052714503788788,-0.2672901456705234,model.layers.7.self_attn.v_proj,128,40.29688262939453,128,0.5403931736946106,74.56956266469659,0.5403931736946106,0.04840478673577309,114816
ehristoforu/SoRu-0003,False,0.07773482799530029,896,896,6.972254276275635,2.6544091038881796,0.942086398601532,3.275918960571289,2.432566898846869,0.38071031243371173,model.layers.7.self_attn.o_proj,889,270.7490234375,889,2.402759552001953,112.68252922433078,2.402759552001953,1.3568388567364309e-05,802816
ehristoforu/SoRu-0003,False,0.016211748123168945,4864,896,4.936718940734863,7.56366300460927,1.015982747077942,7.574713230133057,3.322212932951749,1.5321234802731891,model.layers.7.mlp.gate_proj,896,2099.96923828125,896,34.050498962402344,61.67220164967275,34.050498962402344,0.16251371800899506,4358144
ehristoforu/SoRu-0003,False,0.05463853478431702,4864,896,12.95185375213623,9.64030847504964,1.028718113899231,9.845826148986816,3.207247482049806,0.744318817949871,model.layers.7.mlp.up_proj,896,1611.563720703125,896,5.55033016204834,290.3545687646769,5.55033016204834,0.1068946123123169,4358144
ehristoforu/SoRu-0003,False,0.04064023494720459,896,4864,4.143999099731445,4.692975947552563,1.0184898376464844,4.996119976043701,3.1682863814315456,1.1324751368446713,model.layers.7.mlp.down_proj,896,1473.28369140625,896,13.566728591918945,108.59535380429259,13.566728591918945,0.18620489537715912,4358144
ehristoforu/SoRu-0003,False,0.0372236967086792,896,896,3.890340805053711,5.2757874585543885,0.9097410440444946,5.340418815612793,2.751909180424295,1.3561247517700572,model.layers.8.self_attn.q_proj,891,564.81884765625,891,22.705169677734375,24.876222273297284,22.705169677734375,1.3287678484630305e-05,803712
ehristoforu/SoRu-0003,False,0.06733718514442444,128,896,3.9011757373809814,2.781312820742262,0.9274976253509521,3.2787864208221436,2.088954012782823,0.7129422020371404,model.layers.8.self_attn.k_proj,128,122.73092651367188,128,5.163476467132568,23.769049262623636,5.163476467132568,0.004649524576961994,114816
ehristoforu/SoRu-0003,False,0.0977679193019867,128,896,10.265852928161621,-2.89494799071819,0.9909443855285645,-2.540170907974243,1.4988441572233497,-0.2819978048562019,model.layers.8.self_attn.v_proj,128,31.538726806640625,128,0.522398829460144,60.37288950136678,0.522398829460144,0.06450458616018295,114816
ehristoforu/SoRu-0003,False,0.07919377088546753,896,896,8.969806671142578,4.369272847361807,0.9373058676719666,4.393752574920654,2.3931356570194406,0.487108920799655,model.layers.8.self_attn.o_proj,888,247.2496337890625,888,3.069791793823242,80.54280237720222,3.069791793823242,1.0211097105639055e-05,802816
ehristoforu/SoRu-0003,False,0.027607470750808716,4864,896,4.53948450088501,7.152295081001266,1.011014699935913,7.174032688140869,3.343149142157414,1.5755742925450824,model.layers.8.mlp.gate_proj,896,2203.68310546875,896,37.63347244262695,58.55646482870569,37.63347244262695,0.1567990928888321,4358144
ehristoforu/SoRu-0003,False,0.0561557412147522,4864,896,14.661140441894531,10.968285457541198,1.0261552333831787,11.171745300292969,3.210756786693492,0.748119527332204,model.layers.8.mlp.up_proj,896,1624.638671875,896,5.599116802215576,290.1598107816091,5.599116802215576,0.10790332406759262,4358144
ehristoforu/SoRu-0003,False,0.03172171115875244,896,4864,4.213578224182129,5.261034357437763,1.0095187425613403,5.404295444488525,3.165039032280168,1.2485906461268912,model.layers.8.mlp.down_proj,896,1462.30859375,896,17.72517967224121,82.49894335570943,17.72517967224121,0.029513079673051834,4358144
ehristoforu/SoRu-0003,False,0.09369748830795288,896,896,2.353548765182495,2.0653729266321115,0.8932082653045654,3.196171283721924,2.6403861035914744,0.877556886513869,model.layers.9.self_attn.q_proj,888,436.9040832519531,888,7.543221950531006,57.92008854004319,7.543221950531006,1.0546002158662304e-05,803712
ehristoforu/SoRu-0003,False,0.10243868827819824,128,896,3.9270944595336914,1.306308629430289,0.929940938949585,2.1399471759796143,1.8539870037227302,0.3326399817704925,model.layers.9.self_attn.k_proj,128,71.44749450683594,128,2.1509978771209717,33.21597629955157,2.1509978771209717,0.014700418338179588,114816
ehristoforu/SoRu-0003,False,0.07215374708175659,128,896,13.0137300491333,-2.6553291894788957,0.9816142916679382,-2.3397722244262695,1.5675083111649628,-0.20404059247069886,model.layers.9.self_attn.v_proj,128,36.94097137451172,128,0.6251142621040344,59.09475053436524,0.6251142621040344,0.04116414859890938,114816
ehristoforu/SoRu-0003,False,0.09943535923957825,896,896,3.0220301151275635,1.200723412455549,0.9229590892791748,2.470034599304199,2.3759213272838546,0.39732344374895984,model.layers.9.self_attn.o_proj,887,237.64097595214844,887,2.496453285217285,95.19143713176462,2.496453285217285,1.251612866326468e-05,802816
ehristoforu/SoRu-0003,False,0.037557005882263184,4864,896,4.767522811889648,6.991164145856956,1.0111579895019531,7.022449016571045,3.2971730288239494,1.4664144088459954,model.layers.9.mlp.gate_proj,896,1982.316650390625,896,29.269439697265625,67.7264980434803,29.269439697265625,0.14731444418430328,4358144
ehristoforu/SoRu-0003,False,0.057012736797332764,4864,896,10.665023803710938,8.194981327765754,1.0265767574310303,8.621417999267578,3.2064011246184503,0.7683978468865937,model.layers.9.mlp.up_proj,896,1608.4261474609375,896,5.866753578186035,274.1594863369484,5.866753578186035,0.10127348452806473,4358144
ehristoforu/SoRu-0003,False,0.05511367321014404,896,4864,5.085824489593506,7.010107847885525,1.0089031457901,7.022295951843262,3.1603967889678914,1.3783621244164919,model.layers.9.mlp.down_proj,896,1446.760986328125,896,23.89803123474121,60.538919382820524,23.89803123474121,0.10706506669521332,4358144
ehristoforu/SoRu-0003,False,0.09381288290023804,896,896,2.366267442703247,1.9051581417312997,0.9103306531906128,3.001304864883423,2.5928682757995127,0.8051322125933611,model.layers.10.self_attn.q_proj,890,391.6230773925781,890,6.384578227996826,61.33891126516131,6.384578227996826,1.1405880286474712e-05,803712
ehristoforu/SoRu-0003,False,0.11073321104049683,128,896,4.38100528717041,2.1679177710172732,0.9073668122291565,2.6030638217926025,1.8508917595674093,0.4948448196047444,model.layers.10.self_attn.k_proj,128,70.94009399414062,128,3.124962568283081,22.701101995316563,3.124962568283081,0.004825080279260874,114816
ehristoforu/SoRu-0003,False,0.14910906553268433,128,896,20.676294326782227,-3.85630654935399,0.991468071937561,-3.235954999923706,1.676327201893256,-0.18650859232347425,model.layers.10.self_attn.v_proj,128,47.45994186401367,128,0.6508657336235046,72.91817561172613,0.6508657336235046,0.13397955894470215,114816
ehristoforu/SoRu-0003,False,0.06867644190788269,896,896,9.399087905883789,4.591999280837377,0.9384505152702332,4.636679649353027,2.4366449466849804,0.48855796720049877,model.layers.10.self_attn.o_proj,889,273.3033447265625,889,3.0800514221191406,88.73337073655868,3.0800514221191406,1.265203445655061e-05,802816
ehristoforu/SoRu-0003,False,0.037559717893600464,4864,896,4.185416221618652,6.239681224124504,1.0055863857269287,6.357418060302734,3.32548244036364,1.4908149855909414,model.layers.10.mlp.gate_proj,896,2115.838134765625,896,30.961000442504883,68.3388167218554,30.961000442504883,0.24860484898090363,4358144
ehristoforu/SoRu-0003,False,0.06726163625717163,4864,896,7.318580627441406,5.631410092875359,1.0229839086532593,6.567780494689941,3.198831731135258,0.7694675210327107,model.layers.10.mlp.up_proj,896,1580.635498046875,896,5.881221294403076,268.75973865344986,5.881221294403076,0.16678449511528015,4358144
ehristoforu/SoRu-0003,False,0.016264736652374268,896,4864,4.753726005554199,6.820021342762701,1.0046287775039673,6.8306779861450195,3.140873083277183,1.4346685809813746,model.layers.10.mlp.down_proj,896,1383.162109375,896,27.20624351501465,50.839878302627746,27.20624351501465,0.04032069444656372,4358144
ehristoforu/SoRu-0003,False,0.05381922423839569,896,896,4.742647171020508,4.958978340919766,0.8631313443183899,5.15312385559082,2.5606745094501764,1.0456140130392009,model.layers.11.self_attn.q_proj,887,363.64239501953125,887,11.107440948486328,32.738629600284916,11.107440948486328,1.1121874194941483e-05,803712
ehristoforu/SoRu-0003,False,0.1442362666130066,128,896,9.814189910888672,2.390899206932916,0.9055192470550537,3.1043295860290527,1.81652241833997,0.24361656220655103,model.layers.11.self_attn.k_proj,128,65.54241180419922,128,1.7523326873779297,37.402949951400146,1.7523326873779297,0.009912006556987762,114816
ehristoforu/SoRu-0003,False,0.10354691743850708,128,896,8.52371597290039,-1.7743988725821083,0.9783787131309509,-1.1443723440170288,1.5223618781575912,-0.20817198487414265,model.layers.11.self_attn.v_proj,128,33.29368591308594,128,0.619195818901062,53.76923567115649,0.619195818901062,0.03126177936792374,114816
ehristoforu/SoRu-0003,False,0.04413139820098877,896,896,2.7809200286865234,2.6805888680358807,0.8645826578140259,3.1955907344818115,2.4023578475654843,0.9639215944307356,model.layers.11.self_attn.o_proj,886,252.55609130859375,886,9.202834129333496,27.443294941455694,9.202834129333496,1.2940287888341118e-05,802816
ehristoforu/SoRu-0003,False,0.02624225616455078,4864,896,5.038061141967773,6.913595848449495,1.0101149082183838,6.952552795410156,3.2521424708465325,1.3722731133328747,model.layers.11.mlp.gate_proj,896,1787.07373046875,896,23.5653076171875,75.83494174993655,23.5653076171875,0.14934544265270233,4358144
ehristoforu/SoRu-0003,False,0.06348899006843567,4864,896,9.870474815368652,7.480127931116384,1.0239479541778564,8.189963340759277,3.200090404482762,0.7578285818094161,model.layers.11.mlp.up_proj,896,1585.22314453125,896,5.7256999015808105,276.8610251636809,5.7256999015808105,0.1714552342891693,4358144
ehristoforu/SoRu-0003,False,0.03715401887893677,896,4864,4.816452980041504,6.784700723326915,1.0004111528396606,6.8158416748046875,3.15800567602856,1.4086508788607441,model.layers.11.mlp.down_proj,896,1438.8173828125,896,25.62423324584961,56.15065118272552,25.62423324584961,0.11638738214969635,4358144
ehristoforu/SoRu-0003,False,0.08837080001831055,896,896,2.88930606842041,2.2126889439552526,0.9088373184204102,3.277822732925415,2.597793840525812,0.7658201974998566,model.layers.12.self_attn.q_proj,889,396.0899658203125,889,5.832036018371582,67.91624135594905,5.832036018371582,1.2988614798814524e-05,803712
ehristoforu/SoRu-0003,False,0.08497598767280579,128,896,5.364500522613525,2.652327881691664,0.917194664478302,2.788398265838623,1.8243351985207445,0.4944221499300887,model.layers.12.self_attn.k_proj,128,66.73216247558594,128,3.121922731399536,21.375340845053643,3.121922731399536,0.007141001522541046,114816
ehristoforu/SoRu-0003,False,0.06588000059127808,128,896,8.386251449584961,-1.4934317598976106,0.9946840405464172,-0.9428977370262146,1.6089940077688603,-0.1780809660759124,model.layers.12.self_attn.v_proj,128,40.64377212524414,128,0.663619339466095,61.24561131377437,0.663619339466095,0.12805825471878052,114816
ehristoforu/SoRu-0003,False,0.07938075065612793,896,896,6.742003440856934,3.5791542984578255,0.9266752004623413,3.918964147567749,2.4206595848492145,0.5308739946301335,model.layers.12.self_attn.o_proj,888,263.42657470703125,888,3.3952674865722656,77.58639805224207,3.3952674865722656,1.0079156709252857e-05,802816
ehristoforu/SoRu-0003,False,0.04339092969894409,4864,896,4.857151031494141,6.866051792114996,1.0077235698699951,6.922339916229248,3.276124989683968,1.4135965193577447,model.layers.12.mlp.gate_proj,896,1888.5347900390625,896,25.91770362854004,72.86659408974208,25.91770362854004,0.2677461504936218,4358144
ehristoforu/SoRu-0003,False,0.07100078463554382,4864,896,7.198219299316406,5.725306309152337,1.0233274698257446,6.681715488433838,3.2252508356589424,0.7953781443830217,model.layers.12.mlp.up_proj,896,1679.77392578125,896,6.242781639099121,269.0745925278997,6.242781639099121,0.22022771835327148,4358144
ehristoforu/SoRu-0003,False,0.03430473804473877,896,4864,4.821389198303223,6.5941255344135215,1.0040143728256226,6.6282830238342285,3.1715838802524257,1.3676816500800584,model.layers.12.mlp.down_proj,896,1484.5125732421875,896,23.317481994628906,63.665217950383294,23.317481994628906,0.12039123475551605,4358144
ehristoforu/SoRu-0003,False,0.0923251211643219,896,896,1.934899091720581,1.5595125771893072,0.8805858492851257,2.9593608379364014,2.613062028893584,0.8059916839397208,model.layers.13.self_attn.q_proj,888,410.2626953125,888,6.397225856781006,64.13134450734219,6.397225856781006,1.1639870535873342e-05,803712
ehristoforu/SoRu-0003,False,0.14538848400115967,128,896,8.319910049438477,2.7288592045050124,0.9208449721336365,3.1394762992858887,1.842802706919163,0.32799143119211815,model.layers.13.self_attn.k_proj,128,69.63101196289062,128,2.1280970573425293,32.71984786720332,2.1280970573425293,0.010082852095365524,114816
ehristoforu/SoRu-0003,False,0.10176870226860046,128,896,9.660736083984375,-1.6861980310909552,0.983449399471283,-0.9846870303153992,1.5932781722566476,-0.1745413616966873,model.layers.13.self_attn.v_proj,128,39.19928741455078,128,0.6690500974655151,58.58946521799323,0.6690500974655151,0.0894269123673439,114816
ehristoforu/SoRu-0003,False,0.10792836546897888,896,896,2.4671525955200195,1.1462750571881282,0.92103111743927,2.4580445289611816,2.4016101024579544,0.46461457603781475,model.layers.13.self_attn.o_proj,887,252.1216278076172,887,2.914839029312134,86.49590089615165,2.914839029312134,1.3138519534550142e-05,802816
ehristoforu/SoRu-0003,False,0.030260562896728516,4864,896,4.784127235412598,6.6263904101850715,1.0081003904342651,6.681841850280762,3.2480737426046056,1.3850782147129896,model.layers.13.mlp.gate_proj,896,1770.4095458984375,896,24.270471572875977,72.94499987701101,24.270471572875977,0.19617322087287903,4358144
ehristoforu/SoRu-0003,False,0.05696052312850952,4864,896,8.167938232421875,7.097777356895364,1.0233808755874634,7.636388778686523,3.241334370955261,0.8689802928138454,model.layers.13.mlp.up_proj,896,1743.1484375,896,7.395717144012451,235.69701268405694,7.395717144012451,0.20165246725082397,4358144
ehristoforu/SoRu-0003,False,0.02001628279685974,896,4864,4.246682643890381,5.410539364277248,1.0082744359970093,5.593218803405762,3.186434701945045,1.274062560822925,model.layers.13.mlp.down_proj,896,1536.15380859375,896,18.795875549316406,81.72823897259838,18.795875549316406,0.11250428855419159,4358144
ehristoforu/SoRu-0003,False,0.07408849895000458,896,896,6.648138046264648,5.645207834587266,0.9012280106544495,5.8223419189453125,2.576171516036544,0.8491411873974408,model.layers.14.self_attn.q_proj,890,376.85260009765625,890,7.06547212600708,53.33721418424553,7.06547212600708,1.056515520758694e-05,803712
ehristoforu/SoRu-0003,False,0.10473525524139404,128,896,7.545644283294678,3.072287419487577,0.9095239639282227,3.159187078475952,1.7624770631739994,0.40716038341342464,model.layers.14.self_attn.k_proj,128,57.87314224243164,128,2.5536441802978516,22.662962478853043,2.5536441802978516,0.007399463560432196,114816
ehristoforu/SoRu-0003,False,0.09719407558441162,128,896,24.150476455688477,-4.272430437526167,0.9986652135848999,-4.049166202545166,1.6924560844055443,-0.1769087432028624,model.layers.14.self_attn.v_proj,128,49.255653381347656,128,0.665412962436676,74.02268389990233,0.665412962436676,0.18480050563812256,114816
ehristoforu/SoRu-0003,False,0.0871434211730957,896,896,6.143300533294678,3.1501531561270184,0.9243292808532715,3.559445381164551,2.4436241952499067,0.5127786177892844,model.layers.14.self_attn.o_proj,888,277.73089599609375,888,3.256706476211548,85.27968302478759,3.256706476211548,1.1659418305498548e-05,802816
ehristoforu/SoRu-0003,False,0.03836125135421753,4864,896,5.17396354675293,7.2992111099061345,1.0101070404052734,7.324802875518799,3.280991397749578,1.4107581245884435,model.layers.14.mlp.gate_proj,896,1909.8154296875,896,25.74886703491211,74.17085291939405,25.74886703491211,0.19206388294696808,4358144
ehristoforu/SoRu-0003,False,0.04707127809524536,4864,896,8.222370147705078,6.931055469464057,1.022247076034546,7.634415149688721,3.2412338441865627,0.8429510402664813,model.layers.14.mlp.up_proj,896,1742.7449951171875,896,6.965479850769043,250.19740670483384,6.965479850769043,0.2100546807050705,4358144
ehristoforu/SoRu-0003,False,0.022707104682922363,896,4864,5.5095415115356445,6.191426507995849,1.0115786790847778,6.323127746582031,3.1818059879018707,1.1237643813069567,model.layers.14.mlp.down_proj,896,1519.868408203125,896,13.297327995300293,114.29878308937674,13.297327995300293,0.11283692717552185,4358144
ehristoforu/SoRu-0003,False,0.07490140199661255,896,896,5.958609104156494,4.518044021271786,0.9000726342201233,5.051468849182129,2.5647335188342204,0.7582380287574451,model.layers.15.self_attn.q_proj,889,367.0570068359375,889,5.731100559234619,64.04651306361957,5.731100559234619,1.4490080502582714e-05,803712
ehristoforu/SoRu-0003,False,0.14875173568725586,128,896,2.7030811309814453,0.777135030303653,0.923944354057312,1.923790693283081,1.8493931026042165,0.28749970594537344,model.layers.15.self_attn.k_proj,128,70.69571685791016,128,1.9386513233184814,36.46644242188788,1.9386513233184814,0.003923731856048107,114816
ehristoforu/SoRu-0003,False,0.09953489899635315,128,896,10.96130084991455,-0.6026587550729188,0.9774734973907471,-0.1881343126296997,1.6688761303579276,-0.05498058700556666,model.layers.15.self_attn.v_proj,128,46.65262985229492,128,0.8810882568359375,52.94887259061704,0.8810882568359375,0.07695144414901733,114816
ehristoforu/SoRu-0003,False,0.056002140045166016,896,896,2.9601526260375977,2.194088998166576,0.8956202268600464,2.991314172744751,2.4325009559465864,0.7412080643637421,model.layers.15.self_attn.o_proj,888,270.7079162597656,888,5.510716438293457,49.12390599135921,5.510716438293457,1.3775251318293158e-05,802816
ehristoforu/SoRu-0003,False,0.040016889572143555,4864,896,5.437361717224121,8.210325006172058,1.0101239681243896,8.214829444885254,3.281090763407578,1.5099832295806115,model.layers.15.mlp.gate_proj,896,1910.25244140625,896,32.358116149902344,59.034723546847,32.358116149902344,0.23954226076602936,4358144
ehristoforu/SoRu-0003,False,0.05888241529464722,4864,896,11.572699546813965,9.312748817619484,1.0245418548583984,9.82507038116455,3.2635699904948843,0.8047170653612399,model.layers.15.mlp.up_proj,896,1834.7208251953125,896,6.378478050231934,287.64241418508897,6.378478050231934,0.278664231300354,4358144
ehristoforu/SoRu-0003,False,0.04261532425880432,896,4864,6.897774696350098,7.090171970925995,1.013496994972229,7.245382308959961,3.2078006425499095,1.0278926585812818,model.layers.15.mlp.down_proj,896,1613.61767578125,896,10.663325309753418,151.32405970071298,10.663325309753418,0.03544404357671738,4358144
ehristoforu/SoRu-0003,False,0.09627488255500793,896,896,1.6933057308197021,1.7952385303114202,0.8537505269050598,3.089503526687622,2.7191955426756715,1.0601975163943809,model.layers.16.self_attn.q_proj,885,523.8362426757812,885,11.486759185791016,45.603484342542885,11.486759185791016,1.2263266398804262e-05,803712
ehristoforu/SoRu-0003,False,0.08265191316604614,128,896,2.6366500854492188,1.2628729128450407,0.8735832571983337,2.0754122734069824,1.7869485357695807,0.4789687186079069,model.layers.16.self_attn.k_proj,128,61.227783203125,128,3.012789011001587,20.32262564007764,3.012789011001587,0.010569960810244083,114816
ehristoforu/SoRu-0003,False,0.11388063430786133,128,896,6.675753593444824,-1.2869968885713652,0.9866099953651428,-0.38725271821022034,1.5939071479764195,-0.19278675741344262,model.layers.16.self_attn.v_proj,128,39.256099700927734,128,0.6415244936943054,61.19189537856331,0.6415244936943054,0.06054076552391052,114816
ehristoforu/SoRu-0003,False,0.09511607885360718,896,896,6.861420631408691,3.853056015348882,0.8992919325828552,4.6199541091918945,2.5087606198137062,0.5615536814214852,model.layers.16.self_attn.o_proj,888,322.6715087890625,888,3.6437928676605225,88.55374619475339,3.6437928676605225,1.0696780009311624e-05,802816
ehristoforu/SoRu-0003,False,0.05149644613265991,4864,896,6.398205757141113,9.582791814651737,1.0132966041564941,9.584285736083984,3.336425725082575,1.4977311106252356,model.layers.16.mlp.gate_proj,896,2169.830078125,896,31.45800018310547,68.97546142460473,31.45800018310547,0.17777396738529205,4358144
ehristoforu/SoRu-0003,False,0.06784817576408386,4864,896,7.320005893707275,8.602074182689837,1.0213154554367065,8.60703182220459,3.2317978200295077,1.1751458000989734,model.layers.16.mlp.up_proj,896,1705.288330078125,896,14.96738052368164,113.93365241031917,14.96738052368164,0.1809670776128769,4358144
ehristoforu/SoRu-0003,False,0.04735922813415527,896,4864,7.859050273895264,8.424304538520191,1.024802565574646,8.429864883422852,3.173032748399534,1.0719239914398415,model.layers.16.mlp.down_proj,896,1489.473388671875,896,11.801140785217285,126.2143563728742,11.801140785217285,0.22798441350460052,4358144
ehristoforu/SoRu-0003,False,0.06965714693069458,896,896,3.6359243392944336,3.5594532967253714,0.9010811448097229,4.074222087860107,2.6304777827291383,0.9789679224777538,model.layers.17.self_attn.q_proj,889,427.049072265625,889,9.527257919311523,44.823922673491055,9.527257919311523,1.4436822311836295e-05,803712
ehristoforu/SoRu-0003,False,0.08371585607528687,128,896,6.342447757720947,2.904761811295764,0.9146527051925659,2.986172676086426,1.7621150455165926,0.4579875029730701,model.layers.17.self_attn.k_proj,128,57.824920654296875,128,2.8706979751586914,20.14315722332313,2.8706979751586914,0.011002058163285255,114816
ehristoforu/SoRu-0003,False,0.10352277755737305,128,896,6.287300109863281,-0.45829307680445247,0.9861693382263184,0.41457226872444153,1.6977806544790413,-0.07289187231344332,model.layers.17.self_attn.v_proj,128,49.863258361816406,128,0.8454893231391907,58.97562156868012,0.8454893231391907,0.04946599155664444,114816
ehristoforu/SoRu-0003,False,0.08590590953826904,896,896,4.233699798583984,2.4728429983485616,0.9311583042144775,3.1747829914093018,2.4920706535859423,0.5840855790426227,model.layers.17.self_attn.o_proj,891,310.5064697265625,891,3.8378286361694336,80.90680933489553,3.8378286361694336,1.0323279639123939e-05,802816
ehristoforu/SoRu-0003,False,0.04781097173690796,4864,896,6.166088104248047,9.366993263900646,1.0160713195800781,9.369787216186523,3.3729169449682113,1.519114405363001,model.layers.17.mlp.gate_proj,896,2360.02685546875,896,33.045658111572266,71.41715403278023,33.045658111572266,0.2367899864912033,4358144
ehristoforu/SoRu-0003,False,0.05126872658729553,4864,896,10.87668228149414,9.34202647740839,1.0232754945755005,9.417266845703125,3.2085276275957537,0.8589040514039055,model.layers.17.mlp.up_proj,896,1616.321044921875,896,7.226101398468018,223.67815725150854,7.226101398468018,0.17216090857982635,4358144
ehristoforu/SoRu-0003,False,0.04846769571304321,896,4864,8.238998413085938,9.05651224930814,1.0231744050979614,9.057924270629883,3.160215658761609,1.0992249051685399,model.layers.17.mlp.down_proj,896,1446.15771484375,896,12.566805839538574,115.07758879298876,12.566805839538574,0.09044229239225388,4358144
ehristoforu/SoRu-0003,False,0.07800226658582687,896,896,5.755255222320557,4.759864160073735,0.9164721965789795,5.03922700881958,2.591130734136261,0.8270465819853818,model.layers.18.self_attn.q_proj,890,390.05938720703125,890,6.715008735656738,58.087696168705406,6.715008735656738,1.341500501439441e-05,803712
ehristoforu/SoRu-0003,False,0.10761561989784241,128,896,3.8946094512939453,1.0983399488027206,0.941290020942688,1.8467888832092285,1.8058263830693608,0.2820154273589122,model.layers.18.self_attn.k_proj,128,63.947914123535156,128,1.9143239259719849,33.40495997356667,1.9143239259719849,0.003741755848750472,114816
ehristoforu/SoRu-0003,False,0.08946675062179565,128,896,12.89924144744873,0.18800873559165163,0.9966158866882324,0.5795822739601135,1.84544344332181,0.014575177645724031,model.layers.18.self_attn.v_proj,128,70.05569458007812,128,1.0341300964355469,67.7435990128776,1.0341300964355469,0.21026058495044708,114816
ehristoforu/SoRu-0003,False,0.08146339654922485,896,896,7.796298503875732,4.010030010277084,0.9307380318641663,4.5090179443359375,2.520152726071032,0.5143504970061881,model.layers.18.self_attn.o_proj,891,331.2475891113281,891,3.268515110015869,101.34497714153748,3.268515110015869,1.1849482689285651e-05,802816
ehristoforu/SoRu-0003,False,0.05180436372756958,4864,896,6.554251194000244,9.2315403976908,1.0174472332000732,9.234588623046875,3.3342495483804804,1.4084813237157197,model.layers.18.mlp.gate_proj,896,2158.984619140625,896,25.61423110961914,84.28848048965413,25.61423110961914,0.23004822432994843,4358144
ehristoforu/SoRu-0003,False,0.036163926124572754,4864,896,12.465971946716309,11.02124638642576,1.0234601497650146,11.064760208129883,3.246369752172359,0.8841064646651072,model.layers.18.mlp.up_proj,896,1763.476806640625,896,7.657843112945557,230.2837470853214,7.657843112945557,0.20739039778709412,4358144
ehristoforu/SoRu-0003,False,0.031858086585998535,896,4864,7.135319709777832,7.180371528407925,1.017576813697815,7.300137519836426,3.200824323915022,1.0063139173103002,model.layers.18.mlp.down_proj,896,1587.904296875,896,10.146445274353027,156.49858191111667,10.146445274353027,0.08493785560131073,4358144
ehristoforu/SoRu-0003,False,0.08264949917793274,896,896,2.5168213844299316,2.1717810586116437,0.9123106002807617,3.141963243484497,2.6107285697483196,0.8629063119246975,model.layers.19.self_attn.q_proj,890,408.06427001953125,890,7.293001651763916,55.9528558341729,7.293001651763916,1.1557297511899378e-05,803712
ehristoforu/SoRu-0003,False,0.12199926376342773,128,896,8.638663291931152,2.130070660677558,0.9375812411308289,2.439512252807617,1.7665571434398202,0.246574103966655,model.layers.19.self_attn.k_proj,128,58.41940689086914,128,1.7643067836761475,33.111819005278214,1.7643067836761475,0.0041393619030714035,114816
ehristoforu/SoRu-0003,False,0.08010166883468628,128,896,8.5841703414917,0.29886669243438385,0.9852789044380188,0.7996585965156555,1.7797208691975452,0.03481602537519646,model.layers.19.self_attn.v_proj,128,60.21724319458008,128,1.0834678411483765,55.57824691017624,1.0834678411483765,0.09373381733894348,114816
ehristoforu/SoRu-0003,False,0.10069254040718079,896,896,5.543231964111328,2.6510762712954117,0.9106044173240662,3.6596555709838867,2.4535660746569423,0.47825461544083575,model.layers.19.self_attn.o_proj,889,284.16204833984375,889,3.0078392028808594,94.47381630895627,3.0078392028808594,1.4630728401243687e-05,802816
ehristoforu/SoRu-0003,False,0.041314661502838135,4864,896,6.41231107711792,9.511568289697504,1.0183026790618896,9.512677192687988,3.3305645163542446,1.4833292046044306,model.layers.19.mlp.gate_proj,896,2140.742919921875,896,30.431909561157227,70.3453365494449,30.431909561157227,0.2628385126590729,4358144
ehristoforu/SoRu-0003,False,0.04842579364776611,4864,896,10.451497077941895,10.18016015277682,1.0245286226272583,10.214131355285645,3.2692218942192035,0.9740384632802761,model.layers.19.mlp.up_proj,896,1858.75390625,896,9.419730186462402,197.3255995082868,9.419730186462402,0.22085638344287872,4358144
ehristoforu/SoRu-0003,False,0.04646003246307373,896,4864,8.477394104003906,8.148385130216498,1.0169168710708618,8.296387672424316,3.2245733036823903,0.961189845635227,model.layers.19.mlp.down_proj,896,1677.1553955078125,896,9.145129203796387,183.39329692702216,9.145129203796387,0.09177982062101364,4358144
ehristoforu/SoRu-0003,False,0.08953574299812317,896,896,2.6619672775268555,2.4284354921889117,0.8875226974487305,3.364029884338379,2.6098320626050806,0.91227097819365,model.layers.20.self_attn.q_proj,888,407.2227783203125,888,8.170920372009277,49.8380549289546,8.170920372009277,1.4641884263255633e-05,803712
ehristoforu/SoRu-0003,False,0.11577335000038147,128,896,2.196758270263672,0.988905959694513,0.8915923833847046,1.7519102096557617,1.722707614417607,0.4501660346888403,model.layers.20.self_attn.k_proj,128,52.8089599609375,128,2.81946063041687,18.730163986410922,2.81946063041687,0.01021892111748457,114816
ehristoforu/SoRu-0003,False,0.05149984359741211,128,896,4.974147796630859,1.0872340907826736,0.9895700812339783,1.542027235031128,1.8473053018885275,0.21857695734716412,model.layers.20.self_attn.v_proj,128,70.35667419433594,128,1.6541578769683838,42.53322803944226,1.6541578769683838,0.15181750059127808,114816
ehristoforu/SoRu-0003,False,0.09257787466049194,896,896,10.58067798614502,6.034804682877033,0.9173619151115417,6.506581783294678,2.584267264058848,0.5703608682524288,model.layers.20.self_attn.o_proj,889,383.9434509277344,889,3.7184407711029053,103.25388370078976,3.7184407711029053,1.1449004887253977e-05,802816
ehristoforu/SoRu-0003,False,0.05329039692878723,4864,896,5.690796852111816,8.26753972466652,1.0162789821624756,8.274983406066895,3.3200055340029735,1.4527912240617922,model.layers.20.mlp.gate_proj,896,2089.32275390625,896,28.365550994873047,73.65704809625895,28.365550994873047,0.2308253049850464,4358144
ehristoforu/SoRu-0003,False,0.06808274984359741,4864,896,7.864219665527344,8.03389718805807,1.0213098526000977,8.209295272827148,3.2955172769307426,1.0215758879771002,model.layers.20.mlp.up_proj,896,1974.7734375,896,10.509350776672363,187.90632071044868,10.509350776672363,0.22936438024044037,4358144
ehristoforu/SoRu-0003,False,0.050345659255981445,896,4864,14.170598030090332,11.810247243310947,1.020263671875,11.895956039428711,3.2422513896698377,0.8334332268992928,model.layers.20.mlp.down_proj,896,1746.8330078125,896,6.814487934112549,256.3410522848024,6.814487934112549,0.07761960476636887,4358144
ehristoforu/SoRu-0003,False,0.08510518074035645,896,896,2.781099319458008,2.422210480245407,0.876917839050293,3.4603018760681152,2.5988163121551198,0.8709543248953286,model.layers.21.self_attn.q_proj,886,397.0235900878906,886,7.429409980773926,53.43945092750588,7.429409980773926,1.2321262147452217e-05,803712
ehristoforu/SoRu-0003,False,0.08438841998577118,128,896,2.301565170288086,0.9374110892553041,0.8677114248275757,1.7177531719207764,1.6484470814861054,0.4072928724142835,model.layers.21.self_attn.k_proj,128,44.5089225769043,128,2.5544233322143555,17.424254631404732,2.5544233322143555,0.008257579058408737,114816
ehristoforu/SoRu-0003,False,0.1254943311214447,128,896,6.281306266784668,1.787278041583053,0.9719344973564148,2.6734957695007324,2.021253037973073,0.28453922889162686,model.layers.21.self_attn.v_proj,128,105.01541137695312,128,1.9254809617996216,54.53983366254739,1.9254809617996216,0.14400720596313477,114816
ehristoforu/SoRu-0003,False,0.06522107124328613,896,896,7.084469318389893,5.28652957387331,0.9536260962486267,5.322264671325684,2.6170574495653414,0.7462139133202985,model.layers.21.self_attn.o_proj,891,414.054443359375,891,5.5746026039123535,74.27514977817151,5.5746026039123535,1.41101018016343e-05,802816
ehristoforu/SoRu-0003,False,0.057357192039489746,4864,896,5.398809909820557,8.282894609214436,1.0131824016571045,8.29509449005127,3.3186423357410804,1.534207491570997,model.layers.21.mlp.gate_proj,896,2082.77490234375,896,34.21428680419922,60.87442109382578,34.21428680419922,0.1975308358669281,4358144
ehristoforu/SoRu-0003,False,0.07316935062408447,4864,896,6.207929611206055,10.304035277729193,1.014434814453125,10.30414867401123,3.3169011213372723,1.6598183167426992,model.layers.21.mlp.up_proj,896,2074.441162109375,896,45.689701080322266,45.40281755099509,45.689701080322266,0.1824197620153427,4358144
ehristoforu/SoRu-0003,False,0.05639767646789551,896,4864,11.27112102508545,10.317464073528521,1.0186697244644165,10.399713516235352,3.259585947056658,0.9153893433107113,model.layers.21.mlp.down_proj,896,1817.966796875,896,8.229801177978516,220.90045160988285,8.229801177978516,0.06471190601587296,4358144
ehristoforu/SoRu-0003,False,0.08021550625562668,896,896,5.074015140533447,5.1538745060216,0.874281108379364,5.392213344573975,2.605448805988003,1.0157388898685384,model.layers.22.self_attn.q_proj,887,403.1334228515625,887,10.369048118591309,38.878537184986115,10.369048118591309,1.3133900210959837e-05,803712
ehristoforu/SoRu-0003,False,0.09269681572914124,128,896,2.1266818046569824,0.9296382505302659,0.8688517212867737,1.631691813468933,1.6204319833303837,0.4371308620286096,model.layers.22.self_attn.k_proj,128,41.728424072265625,128,2.736093044281006,15.25109833508278,2.736093044281006,0.012779466807842255,114816
ehristoforu/SoRu-0003,False,0.07230541110038757,128,896,5.02957820892334,1.8483646291571392,0.9371889233589172,2.5319936275482178,1.9431585698735152,0.36749893378292064,model.layers.22.self_attn.v_proj,128,87.73210906982422,128,2.3307673931121826,37.64086855217198,2.3307673931121826,0.06606987863779068,114816
ehristoforu/SoRu-0003,False,0.06014895439147949,896,896,5.251628875732422,4.035207773961134,0.948539674282074,4.253420352935791,2.6091960319373895,0.7683726077079964,model.layers.22.self_attn.o_proj,891,406.6268310546875,891,5.86641263961792,69.31439297477907,5.86641263961792,1.356385382678127e-05,802816
ehristoforu/SoRu-0003,False,0.04585278034210205,4864,896,5.23848819732666,7.418012236321377,1.0133228302001953,7.46671199798584,3.2990248199635714,1.4160597403096156,model.layers.22.mlp.gate_proj,896,1990.787109375,896,26.065120697021484,76.377436825086,26.065120697021484,0.16912494599819183,4358144
ehristoforu/SoRu-0003,False,0.0607779324054718,4864,896,7.621394157409668,9.358979422956976,1.0199025869369507,9.370388984680176,3.321218238629797,1.2279878496846923,model.layers.22.mlp.up_proj,896,2095.1650390625,896,16.9039363861084,123.94539302598773,16.9039363861084,0.1495758295059204,4358144
ehristoforu/SoRu-0003,False,0.06262928247451782,896,4864,9.874040603637695,8.133009398511641,1.0221900939941406,8.866265296936035,3.268580542619675,0.8236759119174939,model.layers.22.mlp.down_proj,896,1856.010986328125,896,6.663093566894531,278.55094149505635,6.663093566894531,0.10964423418045044,4358144
ehristoforu/SoRu-0003,False,0.056621283292770386,896,896,3.615943670272827,3.6650812144926674,0.8875673413276672,4.121663570404053,2.630541493621369,1.013589134317497,model.layers.23.self_attn.q_proj,887,427.1117248535156,887,10.317848205566406,41.39542628889344,10.317848205566406,1.1775501661759336e-05,803712
ehristoforu/SoRu-0003,False,0.07613402605056763,128,896,2.2187576293945312,0.8776418444836981,0.8815147876739502,1.6290948390960693,1.6360525280219864,0.39555552749724837,model.layers.23.self_attn.k_proj,128,43.256614685058594,128,2.486311435699463,17.39790682050634,2.486311435699463,0.0125922542065382,114816
ehristoforu/SoRu-0003,False,0.0555461049079895,128,896,3.676814317703247,2.3616875308191116,0.929602324962616,2.5235965251922607,1.8797489473102815,0.6423189551476615,model.layers.23.self_attn.v_proj,128,75.81391906738281,128,4.388528823852539,17.27547479130566,4.388528823852539,0.01603979803621769,114816
ehristoforu/SoRu-0003,False,0.036422789096832275,896,896,3.410144567489624,3.355812770394176,0.9243038296699524,3.6041791439056396,2.546587467424849,0.98406759712963,model.layers.23.self_attn.o_proj,890,352.03631591796875,890,9.639790534973145,36.51908354655441,9.639790534973145,1.2922761925437953e-05,802816
ehristoforu/SoRu-0003,False,0.04155707359313965,4864,896,4.573965072631836,8.302768309608025,1.0084741115570068,8.305891990661621,3.305610275783069,1.815223373542434,model.layers.23.mlp.gate_proj,896,2021.20458984375,896,65.3466567993164,30.930497271665992,65.3466567993164,0.1492379754781723,4358144
ehristoforu/SoRu-0003,False,0.06856679916381836,4864,896,5.234726428985596,8.659178506717438,1.0143063068389893,8.672547340393066,3.2902290085869494,1.6541797597616665,model.layers.23.mlp.up_proj,896,1950.873046875,896,45.10033416748047,43.256288071623075,45.10033416748047,0.13595403730869293,4358144
ehristoforu/SoRu-0003,False,0.03780210018157959,896,4864,5.28355073928833,5.63521575372985,1.0214307308197021,5.7585577964782715,3.1586546360405645,1.0665584626313038,model.layers.23.mlp.down_proj,896,1440.968994140625,896,11.65623950958252,123.62211611695295,11.65623950958252,0.1020975410938263,4358144
