model_id,is_adapter,D,M,N,alpha,alpha_weighted,entropy,log_alpha_norm,log_norm,log_spectral_norm,longname,matrix_rank,norm,num_evals,spectral_norm,stable_rank,xmax,xmin,params
htlou/backup_0202_llamafactory_Compcap_cosi_0_80-llava-mistral,False,0.07500171661376953,1024,3,11.646899223327637,-3.4887244600809457,0.9613068103790283,-2.678466558456421,1.9197444134833987,-0.299541053218127,model.vision_tower.embeddings.patch_embedding,588,83.12744140625,588,0.5017171502113342,165.68586776679828,0.5017171502113342,0.014929112046957016,602112
htlou/backup_0202_llamafactory_Compcap_cosi_0_80-llava-mistral,False,0.0456809401512146,1024,1024,2.319511890411377,2.922944839083961,0.7236124277114868,3.0334620475769043,2.0326657361077793,1.2601551434882114,model.vision_tower.encoder.layers.0.self_attn.k_proj,515,107.81166076660156,515,18.203510284423828,5.922575321027649,18.203510284423828,1.022634569380898e-05,1049600
htlou/backup_0202_llamafactory_Compcap_cosi_0_80-llava-mistral,False,0.03695523738861084,1024,1024,4.089976787567139,2.4972748556672886,0.926816463470459,2.5214221477508545,2.0044931447244365,0.6105841146234855,model.vision_tower.encoder.layers.0.self_attn.v_proj,762,101.03995513916016,762,4.079285621643066,24.769031764552686,4.079285621643066,1.0032318641606253e-05,1049600
htlou/backup_0202_llamafactory_Compcap_cosi_0_80-llava-mistral,False,0.09767419099807739,1024,1024,2.335944652557373,2.97687018477511,0.6805082559585571,3.2014923095703125,2.0367597794568932,1.2743753074440598,model.vision_tower.encoder.layers.0.self_attn.q_proj,509,108.83279418945312,509,18.809415817260742,5.786080505997485,18.809415817260742,1.0037316314992495e-05,1049600
htlou/backup_0202_llamafactory_Compcap_cosi_0_80-llava-mistral,False,0.07247769832611084,1024,1024,5.119091033935547,1.7458250416353054,0.9399605989456177,2.0784292221069336,2.1946973133251575,0.34104199946081415,model.vision_tower.encoder.layers.0.self_attn.out_proj,1009,156.56594848632812,1009,2.19301700592041,71.39294773531286,2.19301700592041,1.0500014468561858e-05,1049600
htlou/backup_0202_llamafactory_Compcap_cosi_0_80-llava-mistral,False,0.018883898854255676,4096,1024,2.39816951751709,4.973288922951527,0.7028408050537109,5.032532215118408,2.6871636391942006,2.0737853961635495,model.vision_tower.encoder.layers.0.mlp.fc1,1024,486.59051513671875,1024,118.51829528808594,4.1056152044201175,118.51829528808594,1.618651549506467e-05,4198400
htlou/backup_0202_llamafactory_Compcap_cosi_0_80-llava-mistral,False,0.03825563192367554,1024,4096,2.342674493789673,3.363092382596383,0.8296510577201843,3.682619571685791,2.4939467768852173,1.4355781784929118,model.vision_tower.encoder.layers.0.mlp.fc2,1024,311.8507385253906,1024,27.26328468322754,11.438487407104038,27.26328468322754,0.000880267471075058,4195328
htlou/backup_0202_llamafactory_Compcap_cosi_0_80-llava-mistral,False,0.06940323114395142,1024,1024,1.8683372735977173,2.2223653020952367,0.7274659276008606,2.810573101043701,2.2774653240442424,1.1894882864568634,model.vision_tower.encoder.layers.1.self_attn.k_proj,801,189.43722534179688,801,15.469927787780762,12.245514519558892,15.469927787780762,1.0206448678218294e-05,1049600
htlou/backup_0202_llamafactory_Compcap_cosi_0_80-llava-mistral,False,0.029920578002929688,1024,1024,3.4735238552093506,1.297033406502289,0.9366388320922852,2.005443811416626,2.2073931881574627,0.3734056423873664,model.vision_tower.encoder.layers.1.self_attn.v_proj,1006,161.21044921875,1006,2.3626840114593506,68.23191270472759,2.3626840114593506,1.1400839866837487e-05,1049600
htlou/backup_0202_llamafactory_Compcap_cosi_0_80-llava-mistral,False,0.04483577609062195,1024,1024,1.8942089080810547,2.2450880578388603,0.7107340693473816,2.8398001194000244,2.2411621761417124,1.1852378310865759,model.vision_tower.encoder.layers.1.self_attn.q_proj,811,174.24574279785156,811,15.31926155090332,11.374291261942513,15.31926155090332,1.0090045179822482e-05,1049600
htlou/backup_0202_llamafactory_Compcap_cosi_0_80-llava-mistral,False,0.035297393798828125,1024,1024,3.845912218093872,1.2285580875904776,0.9485020637512207,1.7770129442214966,2.205692325157798,0.3194451713719511,model.vision_tower.encoder.layers.1.self_attn.out_proj,1012,160.580322265625,1012,2.0866286754608154,76.95682713176656,2.0866286754608154,1.051411800290225e-05,1049600
htlou/backup_0202_llamafactory_Compcap_cosi_0_80-llava-mistral,False,0.03179061412811279,4096,1024,2.807823896408081,5.407581045420136,0.864830732345581,5.425369739532471,2.8594684306264493,1.9258975081513492,model.vision_tower.encoder.layers.1.mlp.fc1,1024,723.5498046875,1024,84.3135757446289,8.581652459848293,84.3135757446289,0.003593402449041605,4198400
htlou/backup_0202_llamafactory_Compcap_cosi_0_80-llava-mistral,False,0.029712796211242676,1024,4096,3.78169322013855,4.273896569109059,0.9560505747795105,4.311575889587402,2.644102581037861,1.1301542246603695,model.vision_tower.encoder.layers.1.mlp.fc2,1024,440.658935546875,1024,13.494420051574707,32.65489986696043,13.494420051574707,0.002760910429060459,4195328
htlou/backup_0202_llamafactory_Compcap_cosi_0_80-llava-mistral,False,0.07900607585906982,1024,1024,1.7083632946014404,1.8653165064669142,0.7588136792182922,2.7225053310394287,2.349367713850835,1.0918734395438359,model.vision_tower.encoder.layers.2.self_attn.k_proj,866,223.54641723632812,866,12.355873107910156,18.092320573704747,12.355873107910156,1.0111290976055898e-05,1049600
htlou/backup_0202_llamafactory_Compcap_cosi_0_80-llava-mistral,False,0.023630261421203613,1024,1024,4.032463073730469,1.1810810114577728,0.9620380401611328,1.7858335971832275,2.230242544738246,0.29289319948195924,model.vision_tower.encoder.layers.2.self_attn.v_proj,1010,169.9192352294922,1010,1.9628775119781494,86.56639764457381,1.9628775119781494,1.1345549864927307e-05,1049600
htlou/backup_0202_llamafactory_Compcap_cosi_0_80-llava-mistral,False,0.08030045032501221,1024,1024,1.9360520839691162,2.006477730882249,0.763810932636261,2.8389761447906494,2.333504713283555,1.0363759051196353,model.vision_tower.encoder.layers.2.self_attn.q_proj,875,215.52850341796875,875,10.873663902282715,19.82114817552184,10.873663902282715,1.0028175893239677e-05,1049600
htlou/backup_0202_llamafactory_Compcap_cosi_0_80-llava-mistral,False,0.01936405897140503,1024,1024,3.978484630584717,0.7535488015598499,0.9697997570037842,1.3714280128479004,2.1767856349091104,0.1894059853259006,model.vision_tower.encoder.layers.2.self_attn.out_proj,1014,150.24002075195312,1014,1.5466996431350708,97.13587341846494,1.5466996431350708,1.3580435734183993e-05,1049600
htlou/backup_0202_llamafactory_Compcap_cosi_0_80-llava-mistral,False,0.0256558358669281,4096,1024,2.7285749912261963,5.281649394921617,0.8838950395584106,5.289932727813721,2.832016222535509,1.9356804969278463,model.vision_tower.encoder.layers.2.mlp.fc1,1024,679.22900390625,1024,86.23439025878906,7.876544402620421,86.23439025878906,0.003598017618060112,4198400
htlou/backup_0202_llamafactory_Compcap_cosi_0_80-llava-mistral,False,0.02585276961326599,1024,4096,3.274545192718506,3.8289345816473066,0.9578587412834167,3.9187090396881104,2.643903547251517,1.1693027142094656,model.vision_tower.encoder.layers.2.mlp.fc2,1024,440.45703125,1024,14.767354965209961,29.826399669247582,14.767354965209961,0.002026038244366646,4195328
htlou/backup_0202_llamafactory_Compcap_cosi_0_80-llava-mistral,False,0.09568774700164795,1024,1024,1.6877110004425049,1.666037662232388,0.8026326298713684,2.646146297454834,2.384753797221025,0.9871581460306686,model.vision_tower.encoder.layers.3.self_attn.k_proj,921,242.5234832763672,921,9.708634376525879,24.980185046699777,9.708634376525879,1.0080607353302184e-05,1049600
htlou/backup_0202_llamafactory_Compcap_cosi_0_80-llava-mistral,False,0.028907030820846558,1024,1024,4.061119079589844,1.3362950911937677,0.9582059383392334,2.0617997646331787,2.3033704294435924,0.3290460252469937,model.vision_tower.encoder.layers.3.self_attn.v_proj,1014,201.08071899414062,1014,2.1332709789276123,94.25934209971918,2.1332709789276123,1.3558588761952706e-05,1049600
htlou/backup_0202_llamafactory_Compcap_cosi_0_80-llava-mistral,False,0.06822854280471802,1024,1024,2.6782517433166504,2.6118848216176125,0.8111591935157776,3.228734016418457,2.383768975847654,0.9752200584337709,model.vision_tower.encoder.layers.3.self_attn.q_proj,924,241.97415161132812,924,9.445393562316895,25.61821802499603,9.445393562316895,1.0153753464692272e-05,1049600
htlou/backup_0202_llamafactory_Compcap_cosi_0_80-llava-mistral,False,0.051507800817489624,1024,1024,3.8279714584350586,0.9774654696782075,0.9636972546577454,1.6874271631240845,2.2122038662047516,0.255348160322442,model.vision_tower.encoder.layers.3.self_attn.out_proj,1016,163.006103515625,1016,1.8003135919570923,90.54317216947946,1.8003135919570923,1.0076461876451503e-05,1049600
htlou/backup_0202_llamafactory_Compcap_cosi_0_80-llava-mistral,False,0.028114810585975647,4096,1024,2.884385347366333,5.1505960898674825,0.9229487180709839,5.166792392730713,2.882221214338931,1.785682379287627,model.vision_tower.encoder.layers.3.mlp.fc1,1024,762.46728515625,1024,61.049537658691406,12.48932120369138,61.049537658691406,0.00014762068167328835,4198400
htlou/backup_0202_llamafactory_Compcap_cosi_0_80-llava-mistral,False,0.03627610206604004,1024,4096,3.9967613220214844,4.16558562812105,0.9801220297813416,4.240522861480713,2.6993282343221967,1.042240277188776,model.vision_tower.encoder.layers.3.mlp.fc2,1024,500.41259765625,1024,11.021489143371582,45.40335622044344,11.021489143371582,0.00228237546980381,4195328
htlou/backup_0202_llamafactory_Compcap_cosi_0_80-llava-mistral,False,0.07494491338729858,1024,1024,2.987407684326172,2.7104047054453315,0.8174190521240234,3.4093942642211914,2.3957651673666227,0.9072764723963946,model.vision_tower.encoder.layers.4.self_attn.k_proj,925,248.75119018554688,925,8.07749080657959,30.79560177065438,8.07749080657959,1.0072246368508786e-05,1049600
htlou/backup_0202_llamafactory_Compcap_cosi_0_80-llava-mistral,False,0.03921143710613251,1024,1024,5.179723739624023,0.7213567741880283,0.9711740016937256,1.4800610542297363,2.2645866155354937,0.1392654918388348,model.vision_tower.encoder.layers.4.self_attn.v_proj,1015,183.90206909179688,1015,1.3780516386032104,133.4507822059553,1.3780516386032104,1.3558789760281797e-05,1049600
htlou/backup_0202_llamafactory_Compcap_cosi_0_80-llava-mistral,False,0.09090977907180786,1024,1024,2.747997283935547,2.488671845137506,0.8203814625740051,3.209393262863159,2.391648007980566,0.9056311153165887,model.vision_tower.encoder.layers.4.self_attn.q_proj,931,246.40414428710938,931,8.04694652557373,30.62082536574844,8.04694652557373,1.0290923455613665e-05,1049600
htlou/backup_0202_llamafactory_Compcap_cosi_0_80-llava-mistral,False,0.05372515320777893,1024,1024,3.1762051582336426,0.5035716847163035,0.9727359414100647,1.5730721950531006,2.209907863786067,0.15854507490201006,model.vision_tower.encoder.layers.4.self_attn.out_proj,1017,162.1466064453125,1017,1.4406055212020874,112.55448077834116,1.4406055212020874,1.1906457075383514e-05,1049600
htlou/backup_0202_llamafactory_Compcap_cosi_0_80-llava-mistral,False,0.017671525478363037,4096,1024,3.9014527797698975,6.294226982270671,0.9564710259437561,6.298702239990234,2.934286495789351,1.6133033866020279,model.vision_tower.encoder.layers.4.mlp.fc1,1024,859.5803833007812,1024,41.049076080322266,20.940310120958827,41.049076080322266,0.0036654577124863863,4198400
htlou/backup_0202_llamafactory_Compcap_cosi_0_80-llava-mistral,False,0.04271572828292847,1024,4096,5.057984352111816,5.042363888577025,0.981566846370697,5.08946418762207,2.7647061815491685,0.9969117216568159,model.vision_tower.encoder.layers.4.mlp.fc2,1024,581.7095336914062,1024,9.929141998291016,58.58608264354855,9.929141998291016,0.0025832548271864653,4195328
htlou/backup_0202_llamafactory_Compcap_cosi_0_80-llava-mistral,False,0.0855255126953125,1024,1024,4.835819244384766,3.4566051438392686,0.8604691624641418,3.925264358520508,2.3622025169518106,0.7147920484937467,model.vision_tower.encoder.layers.5.self_attn.k_proj,952,230.25152587890625,952,5.185516834259033,44.402811376044305,5.185516834259033,1.0208531421085354e-05,1049600
htlou/backup_0202_llamafactory_Compcap_cosi_0_80-llava-mistral,False,0.05936241149902344,1024,1024,2.6450843811035156,1.0856247487127144,0.9485498070716858,2.085062265396118,2.2903730923167807,0.41043104578002054,model.vision_tower.encoder.layers.5.self_attn.v_proj,1016,195.15203857421875,1016,2.5729482173919678,75.84763550819994,2.5729482173919678,1.0331495104765054e-05,1049600
htlou/backup_0202_llamafactory_Compcap_cosi_0_80-llava-mistral,False,0.08951640129089355,1024,1024,3.8582398891448975,2.7498450303464623,0.8672086000442505,3.338284492492676,2.362079375515963,0.7127200768627975,model.vision_tower.encoder.layers.5.self_attn.q_proj,956,230.18624877929688,956,5.160836219787598,44.60250993757956,5.160836219787598,1.0034199476649519e-05,1049600
htlou/backup_0202_llamafactory_Compcap_cosi_0_80-llava-mistral,False,0.05618917942047119,1024,1024,4.532227039337158,1.4812698759265015,0.9634864926338196,1.9167052507400513,2.243441528471697,0.3268304661416826,model.vision_tower.encoder.layers.5.self_attn.out_proj,1018,175.16265869140625,1018,2.122415781021118,82.52985124673994,2.122415781021118,1.0438340723339934e-05,1049600
htlou/backup_0202_llamafactory_Compcap_cosi_0_80-llava-mistral,False,0.023333966732025146,4096,1024,4.0283331871032715,5.294034056045467,0.9812965989112854,5.35576868057251,2.9663494997285627,1.314199647882738,model.vision_tower.encoder.layers.5.mlp.fc1,1024,925.442626953125,1024,20.615774154663086,44.890025473227205,20.615774154663086,0.015537858940660954,4198400
htlou/backup_0202_llamafactory_Compcap_cosi_0_80-llava-mistral,False,0.04948687553405762,1024,4096,3.585707664489746,3.2400630726758,0.9889251589775085,3.7530269622802734,2.7984150085197754,0.9036049159174464,model.vision_tower.encoder.layers.5.mlp.fc2,1024,628.6588134765625,1024,8.009490966796875,78.48923434493533,8.009490966796875,0.0026950505562126637,4195328
htlou/backup_0202_llamafactory_Compcap_cosi_0_80-llava-mistral,False,0.07447686791419983,1024,1024,4.487391948699951,3.413382351932746,0.8798366189002991,3.8165221214294434,2.4144307833868686,0.7606606222399721,model.vision_tower.encoder.layers.6.self_attn.k_proj,992,259.6753845214844,992,5.763159275054932,45.05781848602636,5.763159275054932,1.0234432011202443e-05,1049600
htlou/backup_0202_llamafactory_Compcap_cosi_0_80-llava-mistral,False,0.07889005541801453,1024,1024,2.7093682289123535,1.0141944166567078,0.9458208680152893,2.1980183124542236,2.341529101018013,0.3743287478733908,model.vision_tower.encoder.layers.6.self_attn.v_proj,1016,219.5478057861328,1016,2.367711305618286,92.72574965755877,2.367711305618286,1.3921760000812355e-05,1049600
htlou/backup_0202_llamafactory_Compcap_cosi_0_80-llava-mistral,False,0.07642024755477905,1024,1024,4.984112739562988,4.069095632566369,0.8831452131271362,4.3156514167785645,2.443925449304108,0.816413240468383,model.vision_tower.encoder.layers.6.self_attn.q_proj,992,277.9236145019531,992,6.55259370803833,42.414290719873726,6.55259370803833,1.0512908374948893e-05,1049600
htlou/backup_0202_llamafactory_Compcap_cosi_0_80-llava-mistral,False,0.04727467894554138,1024,1024,3.730225086212158,0.8762695420391716,0.961965024471283,1.877545952796936,2.286136202168088,0.2349106345560975,model.vision_tower.encoder.layers.6.self_attn.out_proj,1017,193.25743103027344,1017,1.7175549268722534,112.51892327088724,1.7175549268722534,1.2579238500620704e-05,1049600
htlou/backup_0202_llamafactory_Compcap_cosi_0_80-llava-mistral,False,0.02033853530883789,4096,1024,4.091841697692871,4.953790351240313,0.9913326501846313,5.068012237548828,2.957199609191935,1.2106505376377195,model.vision_tower.encoder.layers.6.mlp.fc1,1024,906.1489868164062,1024,16.242412567138672,55.78906354402726,16.242412567138672,0.017468402162194252,4198400
htlou/backup_0202_llamafactory_Compcap_cosi_0_80-llava-mistral,False,0.01998192071914673,1024,4096,3.9054980278015137,3.4037185332045694,0.9952977299690247,3.8361926078796387,2.808519715687812,0.8715197163012252,model.vision_tower.encoder.layers.6.mlp.fc2,1024,643.457275390625,1024,7.439088344573975,86.49679175539819,7.439088344573975,0.002751850290223956,4195328
htlou/backup_0202_llamafactory_Compcap_cosi_0_80-llava-mistral,False,0.07885798811912537,1024,1024,4.829987525939941,2.728692769191142,0.9134501814842224,3.371913433074951,2.413262918489879,0.5649482021509205,model.vision_tower.encoder.layers.7.self_attn.k_proj,992,258.97802734375,992,3.6723849773406982,70.52039177311008,3.6723849773406982,1.0115258191945031e-05,1049600
htlou/backup_0202_llamafactory_Compcap_cosi_0_80-llava-mistral,False,0.08693686872720718,1024,1024,7.1919145584106445,2.0297407987398364,0.951927900314331,2.5853469371795654,2.3241801203028896,0.2822253771585953,model.vision_tower.encoder.layers.7.self_attn.v_proj,1017,210.95028686523438,1017,1.9152495861053467,110.14245265767218,1.9152495861053467,1.11829795059748e-05,1049600
htlou/backup_0202_llamafactory_Compcap_cosi_0_80-llava-mistral,False,0.07590726017951965,1024,1024,5.246404647827148,3.6629502108529715,0.9075403213500977,3.9455301761627197,2.4177021891893773,0.6981829379802069,model.vision_tower.encoder.layers.7.self_attn.q_proj,992,261.6388244628906,992,4.9909467697143555,52.422683818337916,4.9909467697143555,1.1921963960048743e-05,1049600
htlou/backup_0202_llamafactory_Compcap_cosi_0_80-llava-mistral,False,0.05060848593711853,1024,1024,4.59871768951416,1.3000742813312856,0.955287516117096,2.0979721546173096,2.2954984777203733,0.28270365112771995,model.vision_tower.encoder.layers.7.self_attn.out_proj,1018,197.4687957763672,1018,1.9173599481582642,102.98994508884337,1.9173599481582642,1.1935916518268641e-05,1049600
htlou/backup_0202_llamafactory_Compcap_cosi_0_80-llava-mistral,False,0.025966167449951172,4096,1024,3.9735541343688965,4.889463718527178,0.9979026317596436,4.978960990905762,2.9672803935617726,1.2305013479585454,model.vision_tower.encoder.layers.7.mlp.fc1,1024,927.4284057617188,1024,17.002052307128906,54.54802685043211,17.002052307128906,0.020841695368289948,4198400
htlou/backup_0202_llamafactory_Compcap_cosi_0_80-llava-mistral,False,0.03841906785964966,1024,4096,4.258640289306641,2.8528077774130227,1.0053632259368896,3.7451889514923096,2.834194149426267,0.6698870023317924,model.vision_tower.encoder.layers.7.mlp.fc2,1024,682.643798828125,1024,4.6761345863342285,145.98463457897847,4.6761345863342285,0.002883834531530738,4195328
htlou/backup_0202_llamafactory_Compcap_cosi_0_80-llava-mistral,False,0.07532539963722229,1024,1024,3.4586517810821533,1.9133655973346264,0.9244027733802795,2.7479445934295654,2.4272563487063845,0.5532114009858393,model.vision_tower.encoder.layers.8.self_attn.k_proj,998,267.4584655761719,998,3.574467897415161,74.82469370324507,3.574467897415161,1.0903885595325846e-05,1049600
htlou/backup_0202_llamafactory_Compcap_cosi_0_80-llava-mistral,False,0.08441197872161865,1024,1024,4.339982986450195,1.0855757543122608,0.95595383644104,2.145771026611328,2.3320502637530525,0.25013364285102563,model.vision_tower.encoder.layers.8.self_attn.v_proj,1017,214.8079071044922,1017,1.7788267135620117,120.75819722447842,1.7788267135620117,1.6790718291304074e-05,1049600
htlou/backup_0202_llamafactory_Compcap_cosi_0_80-llava-mistral,False,0.08803150057792664,1024,1024,3.592639446258545,2.02779288299247,0.9136036038398743,3.0005362033843994,2.4396983396583924,0.5644298330867181,model.vision_tower.encoder.layers.8.self_attn.q_proj,1003,275.23162841796875,1003,3.668004274368286,75.03579816993803,3.668004274368286,1.0336993000237271e-05,1049600
htlou/backup_0202_llamafactory_Compcap_cosi_0_80-llava-mistral,False,0.09221053123474121,1024,1024,4.847237586975098,0.5559032882827125,0.9665521383285522,1.6531963348388672,2.3007286032870526,0.11468455554488759,model.vision_tower.encoder.layers.8.self_attn.out_proj,1017,199.8612518310547,1017,1.3022205829620361,153.47726371860094,1.3022205829620361,1.3777808817394543e-05,1049600
htlou/backup_0202_llamafactory_Compcap_cosi_0_80-llava-mistral,False,0.022257789969444275,4096,1024,4.302455902099609,5.308809778628156,1.0048812627792358,5.344367980957031,2.9731035734248503,1.2339021943345063,model.vision_tower.encoder.layers.8.mlp.fc1,1024,939.9474487304688,1024,17.135713577270508,54.853125578455774,17.135713577270508,0.0249849371612072,4198400
htlou/backup_0202_llamafactory_Compcap_cosi_0_80-llava-mistral,False,0.0565030574798584,1024,4096,4.844245910644531,3.264568301198373,1.0132521390914917,3.948350429534912,2.8593515493182595,0.6739063956321778,model.vision_tower.encoder.layers.8.mlp.fc2,1024,723.3551025390625,1024,4.719613075256348,153.26576374055264,4.719613075256348,0.002652902388945222,4195328
htlou/backup_0202_llamafactory_Compcap_cosi_0_80-llava-mistral,False,0.0775456428527832,1024,1024,5.259707927703857,2.8010024213833344,0.9292923808097839,3.2781426906585693,2.414860116746987,0.5325395363932539,model.vision_tower.encoder.layers.9.self_attn.k_proj,1011,259.9322204589844,1011,3.408313512802124,76.26417566419313,3.408313512802124,1.0053750884253532e-05,1049600
htlou/backup_0202_llamafactory_Compcap_cosi_0_80-llava-mistral,False,0.08811473846435547,1024,1024,3.9098169803619385,1.1031362839289596,0.9536512494087219,2.237649440765381,2.348284358091259,0.28214524860619955,model.vision_tower.encoder.layers.9.self_attn.v_proj,1017,222.98947143554688,1017,1.9148962497711182,116.4498972005403,1.9148962497711182,1.1426314813434146e-05,1049600
htlou/backup_0202_llamafactory_Compcap_cosi_0_80-llava-mistral,False,0.08624085783958435,1024,1024,2.9443063735961914,1.6620512384493715,0.9251486659049988,2.6582376956939697,2.4302738831949893,0.5644967022977753,model.vision_tower.encoder.layers.9.self_attn.q_proj,1013,269.3232727050781,1013,3.6685690879821777,73.41371151693751,3.6685690879821777,1.0781697710626759e-05,1049600
htlou/backup_0202_llamafactory_Compcap_cosi_0_80-llava-mistral,False,0.07205450534820557,1024,1024,5.079178810119629,0.6040368610115375,0.9713338613510132,1.670773983001709,2.312225821149144,0.11892411816809237,model.vision_tower.encoder.layers.9.self_attn.out_proj,1018,205.222900390625,1018,1.3149950504302979,156.06362953493334,1.3149950504302979,1.1110852028650697e-05,1049600
htlou/backup_0202_llamafactory_Compcap_cosi_0_80-llava-mistral,False,0.016054809093475342,4096,1024,4.295283317565918,5.6666438731033395,1.0039995908737183,5.683327674865723,2.9789311847652624,1.3192712690054993,model.vision_tower.encoder.layers.9.mlp.fc1,1024,952.6452026367188,1024,20.857933044433594,45.67303963471843,20.857933044433594,0.02548534795641899,4198400
htlou/backup_0202_llamafactory_Compcap_cosi_0_80-llava-mistral,False,0.059510231018066406,1024,4096,4.8621625900268555,3.3329955776172118,1.0146032571792603,3.93990159034729,2.8564335975214714,0.685496528736774,model.vision_tower.encoder.layers.9.mlp.fc2,1024,718.5112915039062,1024,4.847262382507324,148.23032772000363,4.847262382507324,0.002708052983507514,4195328
htlou/backup_0202_llamafactory_Compcap_cosi_0_80-llava-mistral,False,0.05715537071228027,1024,1024,5.459297180175781,2.939649642016138,0.9401947259902954,3.339345932006836,2.4448295777018685,0.538466682614535,model.vision_tower.encoder.layers.10.self_attn.k_proj,1015,278.5028076171875,1015,3.455148220062256,80.60516941069734,3.455148220062256,1.0739137906057294e-05,1049600
htlou/backup_0202_llamafactory_Compcap_cosi_0_80-llava-mistral,False,0.08716663718223572,1024,1024,5.646500110626221,1.298035430877196,0.9628390073776245,2.046457529067993,2.3227682784254435,0.2298831852379506,model.vision_tower.encoder.layers.10.self_attn.v_proj,1019,210.265625,1019,1.6977869272232056,123.84688657244955,1.6977869272232056,1.1345574421284255e-05,1049600
htlou/backup_0202_llamafactory_Compcap_cosi_0_80-llava-mistral,False,0.07049208879470825,1024,1024,5.3901896476745605,3.26350419890661,0.9328913688659668,3.6972947120666504,2.4608517048820837,0.6054525744404101,model.vision_tower.encoder.layers.10.self_attn.q_proj,1014,288.96929931640625,1014,4.031369209289551,71.6801871310942,4.031369209289551,1.1052043191739358e-05,1049600
htlou/backup_0202_llamafactory_Compcap_cosi_0_80-llava-mistral,False,0.07915222644805908,1024,1024,5.808149337768555,0.7859137263741303,0.9741517901420593,1.4848554134368896,2.2937275670574775,0.13531224503192132,model.vision_tower.encoder.layers.10.self_attn.out_proj,1019,196.66522216796875,1019,1.3655645847320557,144.01751800450904,1.3655645847320557,1.0961844054691028e-05,1049600
htlou/backup_0202_llamafactory_Compcap_cosi_0_80-llava-mistral,False,0.01892375946044922,4096,1024,4.235484600067139,6.064977622266092,1.0044913291931152,6.071186065673828,2.989635192923748,1.4319442035440177,model.vision_tower.encoder.layers.10.mlp.fc1,1024,976.4166870117188,1024,27.036109924316406,36.11528025833054,27.036109924316406,0.026840131729841232,4198400
htlou/backup_0202_llamafactory_Compcap_cosi_0_80-llava-mistral,False,0.056615740060806274,1024,4096,4.345661163330078,2.8342280261947566,1.0169538259506226,3.725604772567749,2.8824672813398324,0.6521971961621805,model.vision_tower.encoder.layers.10.mlp.fc2,1024,762.8994140625,1024,4.489491939544678,169.93001086440816,4.489491939544678,0.0027920387219637632,4195328
htlou/backup_0202_llamafactory_Compcap_cosi_0_80-llava-mistral,False,0.06277674436569214,1024,1024,5.492005348205566,3.1315899443759405,0.9418293833732605,3.480325937271118,2.4554412350900345,0.5702088300768211,model.vision_tower.encoder.layers.11.self_attn.k_proj,1014,285.3916320800781,1014,3.71713924407959,76.77722391880552,3.71713924407959,1.1449301382526755e-05,1049600
htlou/backup_0202_llamafactory_Compcap_cosi_0_80-llava-mistral,False,0.08538734912872314,1024,1024,5.0169997215271,0.8020976467176129,0.9666149616241455,1.8635114431381226,2.3194529302873708,0.1598759599838021,model.vision_tower.encoder.layers.11.self_attn.v_proj,1018,208.66659545898438,1018,1.4450269937515259,144.40325084672077,1.4450269937515259,1.2008413250441663e-05,1049600
htlou/backup_0202_llamafactory_Compcap_cosi_0_80-llava-mistral,False,0.09276077151298523,1024,1024,2.66111159324646,1.653511536396863,0.9342917799949646,2.6395668983459473,2.4686699856581575,0.6213612163402884,model.vision_tower.encoder.layers.11.self_attn.q_proj,1015,294.218505859375,1015,4.1817803382873535,70.35723592786131,4.1817803382873535,1.1614777577051427e-05,1049600
htlou/backup_0202_llamafactory_Compcap_cosi_0_80-llava-mistral,False,0.09402483701705933,1024,1024,7.998061656951904,0.5225799326202425,0.9752762913703918,1.2657934427261353,2.2892942930355007,0.06533832258795064,model.vision_tower.encoder.layers.11.self_attn.out_proj,1019,194.66787719726562,1019,1.162353754043579,167.47730759251036,1.162353754043579,1.1728824574674945e-05,1049600
htlou/backup_0202_llamafactory_Compcap_cosi_0_80-llava-mistral,False,0.023266494274139404,4096,1024,3.923346996307373,5.866728957514347,1.0037795305252075,5.881840229034424,2.9939402480893382,1.4953377723245156,model.vision_tower.encoder.layers.11.mlp.fc1,1024,986.143798828125,1024,31.28511619567871,31.52118063618818,31.28511619567871,0.03158513829112053,4198400
htlou/backup_0202_llamafactory_Compcap_cosi_0_80-llava-mistral,False,0.05970403552055359,1024,4096,3.7101190090179443,2.477066679163625,1.0182620286941528,3.4678215980529785,2.8914553761775657,0.667651542482271,model.vision_tower.encoder.layers.11.mlp.fc2,1024,778.852783203125,1024,4.652126789093018,167.41864925718647,4.652126789093018,0.003004893194884062,4195328
htlou/backup_0202_llamafactory_Compcap_cosi_0_80-llava-mistral,False,0.049731433391571045,1024,1024,4.672337532043457,2.676670836826526,0.9501488208770752,3.141040802001953,2.4777484045647045,0.5728761713959218,model.vision_tower.encoder.layers.12.self_attn.k_proj,1015,300.43353271484375,1015,3.740039348602295,80.32897643900992,3.740039348602295,1.3259858860692475e-05,1049600
htlou/backup_0202_llamafactory_Compcap_cosi_0_80-llava-mistral,False,0.07430493831634521,1024,1024,5.503095626831055,0.8204687671878186,0.9723467230796814,1.687138319015503,2.2927899787086736,0.14909222423603125,model.vision_tower.encoder.layers.12.self_attn.v_proj,1020,196.24110412597656,1020,1.409588098526001,139.21875782803846,1.409588098526001,1.146567319665337e-05,1049600
htlou/backup_0202_llamafactory_Compcap_cosi_0_80-llava-mistral,False,0.05682778358459473,1024,1024,4.271608352661133,2.351042264577909,0.945157527923584,3.0447349548339844,2.475884302041443,0.5503880670879514,model.vision_tower.encoder.layers.12.self_attn.q_proj,1014,299.1467590332031,1014,3.5513057708740234,84.23570887267731,3.5513057708740234,1.0673985343601089e-05,1049600
htlou/backup_0202_llamafactory_Compcap_cosi_0_80-llava-mistral,False,0.07700236141681671,1024,1024,8.170055389404297,0.7347742896807484,0.9792714715003967,1.1979891061782837,2.263539635119245,0.08993504384727592,model.vision_tower.encoder.layers.12.self_attn.out_proj,1018,183.45925903320312,1018,1.230084776878357,149.1435895164691,1.230084776878357,1.5472209270228632e-05,1049600
htlou/backup_0202_llamafactory_Compcap_cosi_0_80-llava-mistral,False,0.02491021156311035,4096,1024,3.9169490337371826,6.034167809333456,0.9983460903167725,6.159722328186035,3.0027563628464287,1.5405275272566474,model.vision_tower.encoder.layers.12.mlp.fc1,1024,1006.366943359375,1024,34.71582794189453,28.988706391902202,34.71582794189453,0.03340662643313408,4198400
htlou/backup_0202_llamafactory_Compcap_cosi_0_80-llava-mistral,False,0.039756059646606445,1024,4096,5.24651575088501,3.3603906115180657,1.0210169553756714,4.031082630157471,2.8878904929618505,0.6404994802409995,model.vision_tower.encoder.layers.12.mlp.fc2,1024,772.4857788085938,1024,4.370181560516357,176.76285712882853,4.370181560516357,0.002657646778970957,4195328
htlou/backup_0202_llamafactory_Compcap_cosi_0_80-llava-mistral,False,0.056666284799575806,1024,1024,4.8415069580078125,3.0844055384939457,0.9489014744758606,3.308248519897461,2.4558092562240015,0.6370755149679924,model.vision_tower.encoder.layers.13.self_attn.k_proj,1017,285.6335754394531,1017,4.335862636566162,65.87698905186352,4.335862636566162,1.0001548616855871e-05,1049600
htlou/backup_0202_llamafactory_Compcap_cosi_0_80-llava-mistral,False,0.09299427270889282,1024,1024,6.776073455810547,1.2223898846006498,0.9671952128410339,1.9542052745819092,2.322802882014074,0.18039796831783736,model.vision_tower.encoder.layers.13.self_attn.v_proj,1018,210.28237915039062,1018,1.514948844909668,138.80493711517312,1.514948844909668,1.5285882909665816e-05,1049600
htlou/backup_0202_llamafactory_Compcap_cosi_0_80-llava-mistral,False,0.061137378215789795,1024,1024,4.830129146575928,2.7433891889378965,0.9431657791137695,3.266892194747925,2.4593386416071925,0.5679742933752986,model.vision_tower.encoder.layers.13.self_attn.q_proj,1019,287.96429443359375,1019,3.6980628967285156,77.8689553085592,3.6980628967285156,1.0281450158799998e-05,1049600
htlou/backup_0202_llamafactory_Compcap_cosi_0_80-llava-mistral,False,0.067379891872406,1024,1024,5.963864803314209,0.5042013007639066,0.9792014956474304,1.3097127676010132,2.2885772276276724,0.08454271137798335,model.vision_tower.encoder.layers.13.self_attn.out_proj,1018,194.3467254638672,1018,1.214906096458435,159.96851611034472,1.214906096458435,1.414264079357963e-05,1049600
htlou/backup_0202_llamafactory_Compcap_cosi_0_80-llava-mistral,False,0.02072712779045105,4096,1024,4.241836071014404,6.549621683955615,1.006524920463562,6.550922870635986,2.987224662355059,1.544053465128208,model.vision_tower.encoder.layers.13.mlp.fc1,1024,971.0121459960938,1024,34.99882507324219,27.744135523522647,34.99882507324219,0.027757631614804268,4198400
htlou/backup_0202_llamafactory_Compcap_cosi_0_80-llava-mistral,False,0.04065287113189697,1024,4096,5.978536128997803,3.5613290659691654,1.0250078439712524,4.200114727020264,2.9132014917300983,0.5956857981832018,model.vision_tower.encoder.layers.13.mlp.fc2,1024,818.8446044921875,1024,3.9417202472686768,207.73787918094564,3.9417202472686768,0.002581687644124031,4195328
htlou/backup_0202_llamafactory_Compcap_cosi_0_80-llava-mistral,False,0.06555682420730591,1024,1024,3.952040195465088,2.556847214225921,0.9500837922096252,2.998429775238037,2.4801792057937693,0.6469689294050875,model.vision_tower.encoder.layers.14.self_attn.k_proj,1018,302.11981201171875,1018,4.435769081115723,68.10990529194251,4.435769081115723,1.5165626791713294e-05,1049600
htlou/backup_0202_llamafactory_Compcap_cosi_0_80-llava-mistral,False,0.10198917984962463,1024,1024,4.880982875823975,0.412630518618051,0.971146285533905,1.5619841814041138,2.2984450863909935,0.08453840734862104,model.vision_tower.encoder.layers.14.self_attn.v_proj,1018,198.81314086914062,1018,1.2148940563201904,163.6464840986452,1.2148940563201904,1.3283355656312779e-05,1049600
htlou/backup_0202_llamafactory_Compcap_cosi_0_80-llava-mistral,False,0.08387860655784607,1024,1024,2.4404995441436768,1.4614716352154025,0.9394139051437378,2.6113102436065674,2.488956354441768,0.5988411834464014,model.vision_tower.encoder.layers.14.self_attn.q_proj,1019,308.2878112792969,1019,3.970463275909424,77.64529976887505,3.970463275909424,1.129559132095892e-05,1049600
htlou/backup_0202_llamafactory_Compcap_cosi_0_80-llava-mistral,False,0.03619874268770218,1024,1024,6.492061614990234,1.0997537637038028,0.9823437333106995,1.3541028499603271,2.277920335502592,0.16939977297265024,model.vision_tower.encoder.layers.14.self_attn.out_proj,1018,189.63580322265625,1018,1.4770655632019043,128.38685563257857,1.4770655632019043,1.4323795767268166e-05,1049600
htlou/backup_0202_llamafactory_Compcap_cosi_0_80-llava-mistral,False,0.018429815769195557,4096,1024,4.3711323738098145,6.890875557893175,1.006666660308838,6.891396522521973,2.985415289915749,1.5764508984401195,model.vision_tower.encoder.layers.14.mlp.fc1,1024,966.97509765625,1024,37.709510803222656,25.642737788409928,37.709510803222656,0.023158203810453415,4198400
htlou/backup_0202_llamafactory_Compcap_cosi_0_80-llava-mistral,False,0.0348283052444458,1024,4096,5.965639114379883,3.8335552181984904,1.0263503789901733,4.405674457550049,2.9473923135829385,0.6426059546508424,model.vision_tower.encoder.layers.14.mlp.fc2,1024,885.91552734375,1024,4.391429901123047,201.73737194738996,4.391429901123047,0.002632096642628312,4195328
htlou/backup_0202_llamafactory_Compcap_cosi_0_80-llava-mistral,False,0.055586040019989014,1024,1024,5.160891056060791,2.9254402491382594,0.960004985332489,3.228687047958374,2.487972163834375,0.566847898426903,model.vision_tower.encoder.layers.15.self_attn.k_proj,1017,307.5899658203125,1017,3.688483953475952,83.39197613438063,3.688483953475952,1.3368172403716017e-05,1049600
htlou/backup_0202_llamafactory_Compcap_cosi_0_80-llava-mistral,False,0.08622294664382935,1024,1024,9.196000099182129,0.5964075069724676,0.9777856469154358,1.1446110010147095,2.2928042288682544,0.06485510010221843,model.vision_tower.encoder.layers.15.self_attn.v_proj,1018,196.24754333496094,1018,1.16106116771698,169.02429328581093,1.16106116771698,1.124565187637927e-05,1049600
htlou/backup_0202_llamafactory_Compcap_cosi_0_80-llava-mistral,False,0.0683218240737915,1024,1024,4.169290542602539,2.269381741438046,0.9522548913955688,2.964826822280884,2.488248359984566,0.544308850210631,model.vision_tower.encoder.layers.15.self_attn.q_proj,1017,307.78564453125,1017,3.501941204071045,87.89000916789975,3.501941204071045,1.2009067177132238e-05,1049600
htlou/backup_0202_llamafactory_Compcap_cosi_0_80-llava-mistral,False,0.04351760447025299,1024,1024,6.360854148864746,0.4821899668689594,0.9816891551017761,1.1789981126785278,2.279184617804059,0.07580585179036345,model.vision_tower.encoder.layers.15.self_attn.out_proj,1019,190.18865966796875,1019,1.1907095909118652,159.72715859483344,1.1907095909118652,1.1244530469411984e-05,1049600
htlou/backup_0202_llamafactory_Compcap_cosi_0_80-llava-mistral,False,0.02451866865158081,4096,1024,4.50654935836792,7.014558993389669,1.0079973936080933,7.0150065422058105,2.981191046496485,1.5565255000180545,model.vision_tower.encoder.layers.15.mlp.fc1,1024,957.615234375,1024,36.018489837646484,26.586768037512268,36.018489837646484,0.024869510903954506,4198400
htlou/backup_0202_llamafactory_Compcap_cosi_0_80-llava-mistral,False,0.0257723331451416,1024,4096,6.502354145050049,3.950253861633128,1.0277701616287231,4.514618396759033,2.9526584973363565,0.6075113372039693,model.vision_tower.encoder.layers.15.mlp.fc2,1024,896.723388671875,1024,4.050525188446045,221.3844740997393,4.050525188446045,0.0025509230326861143,4195328
htlou/backup_0202_llamafactory_Compcap_cosi_0_80-llava-mistral,False,0.04804074764251709,1024,1024,4.612165451049805,2.423414495652243,0.9639317393302917,2.8709981441497803,2.471695668860419,0.5254396273014521,model.vision_tower.encoder.layers.16.self_attn.k_proj,1019,296.27545166015625,1019,3.3530468940734863,88.36006802762687,3.3530468940734863,1.1820829058706295e-05,1049600
htlou/backup_0202_llamafactory_Compcap_cosi_0_80-llava-mistral,False,0.0558890700340271,1024,1024,8.298921585083008,1.0251965363332785,0.9775606393814087,1.4665913581848145,2.3221657405130856,0.12353370565351886,model.vision_tower.encoder.layers.16.self_attn.v_proj,1019,209.97410583496094,1019,1.329026699066162,157.99088609920238,1.329026699066162,1.2015627362416126e-05,1049600
htlou/backup_0202_llamafactory_Compcap_cosi_0_80-llava-mistral,False,0.07103782892227173,1024,1024,3.4518022537231445,1.8685565610498298,0.9550702571868896,2.672666549682617,2.473187000651802,0.5413278118798341,model.vision_tower.encoder.layers.16.self_attn.q_proj,1019,297.2945861816406,1019,3.4779858589172363,85.47895196853794,3.4779858589172363,1.1181457921338733e-05,1049600
htlou/backup_0202_llamafactory_Compcap_cosi_0_80-llava-mistral,False,0.06263405084609985,1024,1024,10.067973136901855,0.8242047759477839,0.984596312046051,1.0511527061462402,2.3095605803683763,0.08186402215624211,model.vision_tower.encoder.layers.16.self_attn.out_proj,1019,203.96731567382812,1019,1.2074357271194458,168.92602321817054,1.2074357271194458,1.3637049960379954e-05,1049600
htlou/backup_0202_llamafactory_Compcap_cosi_0_80-llava-mistral,False,0.028494536876678467,4096,1024,4.745655059814453,7.228280444198709,1.0108429193496704,7.228494644165039,2.966784994979293,1.5231365013034306,model.vision_tower.encoder.layers.16.mlp.fc1,1024,926.37109375,1024,33.35312271118164,27.774643525040428,33.35312271118164,0.030283404514193535,4198400
htlou/backup_0202_llamafactory_Compcap_cosi_0_80-llava-mistral,False,0.03001195192337036,1024,4096,9.848170280456543,5.473283896797792,1.0299677848815918,5.869829177856445,2.9972365153481104,0.5557665780474361,model.vision_tower.encoder.layers.16.mlp.fc2,1024,993.6570434570312,1024,3.595560312271118,276.35666131529655,3.595560312271118,0.002942885272204876,4195328
htlou/backup_0202_llamafactory_Compcap_cosi_0_80-llava-mistral,False,0.03403055667877197,1024,1024,5.070676326751709,2.376311661432049,0.968598484992981,2.834416389465332,2.4822094797735588,0.46863800966651753,model.vision_tower.encoder.layers.17.self_attn.k_proj,1018,303.5354919433594,1018,2.9419684410095215,103.17428552673485,2.9419684410095215,1.1700373761414085e-05,1049600
htlou/backup_0202_llamafactory_Compcap_cosi_0_80-llava-mistral,False,0.053735971450805664,1024,1024,10.545257568359375,1.107892417725518,0.9802645444869995,1.2964426279067993,2.3204684387287955,0.10506072616468896,model.vision_tower.encoder.layers.17.self_attn.v_proj,1019,209.15509033203125,1019,1.2736811637878418,164.21306703635165,1.2736811637878418,1.3281762221595272e-05,1049600
htlou/backup_0202_llamafactory_Compcap_cosi_0_80-llava-mistral,False,0.07609164714813232,1024,1024,3.0971791744232178,1.526309566573002,0.9583438038825989,2.5566134452819824,2.484164109804599,0.4928063507521304,model.vision_tower.encoder.layers.17.self_attn.q_proj,1018,304.9046936035156,1018,3.1103291511535645,98.02971929528167,3.1103291511535645,1.186386180052068e-05,1049600
htlou/backup_0202_llamafactory_Compcap_cosi_0_80-llava-mistral,False,0.06443905830383301,1024,1024,9.131965637207031,0.6515544319915667,0.982340395450592,1.089004397392273,2.310679118752717,0.07134876081189916,model.vision_tower.encoder.layers.17.self_attn.out_proj,1019,204.49331665039062,1019,1.1785520315170288,173.51233647882938,1.1785520315170288,1.2786380466422997e-05,1049600
htlou/backup_0202_llamafactory_Compcap_cosi_0_80-llava-mistral,False,0.04092693328857422,4096,1024,5.061627388000488,7.52723972877763,1.0132938623428345,7.527353763580322,2.9605374905022157,1.487118499995145,model.vision_tower.encoder.layers.17.mlp.fc1,1024,913.1402587890625,1024,30.69859504699707,29.745343635144167,30.69859504699707,0.02813262864947319,4198400
htlou/backup_0202_llamafactory_Compcap_cosi_0_80-llava-mistral,False,0.04039400815963745,1024,4096,8.302927017211914,4.760773157932358,1.0293711423873901,5.380671501159668,3.0130716603448695,0.5733849217346252,model.vision_tower.encoder.layers.17.mlp.fc2,1024,1030.55615234375,1024,3.7444231510162354,275.2242764186674,3.7444231510162354,0.002786803524941206,4195328
htlou/backup_0202_llamafactory_Compcap_cosi_0_80-llava-mistral,False,0.029436349868774414,1024,1024,5.416922569274902,2.2121670024145295,0.9726995229721069,2.7133636474609375,2.4667119868796683,0.40838076862351114,model.vision_tower.encoder.layers.18.self_attn.k_proj,1019,292.89501953125,1019,2.5608301162719727,114.37502928060032,2.5608301162719727,1.0837502486538142e-05,1049600
htlou/backup_0202_llamafactory_Compcap_cosi_0_80-llava-mistral,False,0.05525382608175278,1024,1024,10.372495651245117,1.3386995033531597,0.982120931148529,1.4875352382659912,2.344102336539984,0.1290624309100059,model.vision_tower.encoder.layers.18.self_attn.v_proj,1019,220.85250854492188,1019,1.3460538387298584,164.07405275358016,1.3460538387298584,1.2858309673902113e-05,1049600
htlou/backup_0202_llamafactory_Compcap_cosi_0_80-llava-mistral,False,0.05270680785179138,1024,1024,5.137217044830322,3.4266892595279796,0.9601801633834839,3.5507712364196777,2.476655980377559,0.667032214061565,model.vision_tower.encoder.layers.18.self_attn.q_proj,1019,299.67877197265625,1019,4.6454973220825195,64.50951344824237,4.6454973220825195,1.0172049769607838e-05,1049600
htlou/backup_0202_llamafactory_Compcap_cosi_0_80-llava-mistral,False,0.06704297661781311,1024,1024,6.266175746917725,0.5622733501082312,0.9822842478752136,1.4095805883407593,2.333293400744722,0.08973150017134589,model.vision_tower.encoder.layers.18.self_attn.out_proj,1018,215.4236602783203,1018,1.229508399963379,175.21121472999837,1.229508399963379,1.2366234841465484e-05,1049600
htlou/backup_0202_llamafactory_Compcap_cosi_0_80-llava-mistral,False,0.036770403385162354,4096,1024,5.13873815536499,7.573422759702758,1.0148118734359741,7.573531150817871,2.961777911496945,1.4737903607320189,model.vision_tower.encoder.layers.18.mlp.fc1,1024,915.7520751953125,1024,29.770790100097656,30.76008638387829,29.770790100097656,0.011995398439466953,4198400
htlou/backup_0202_llamafactory_Compcap_cosi_0_80-llava-mistral,False,0.030981898307800293,1024,4096,6.747971534729004,4.072318774642252,1.0277591943740845,4.939289093017578,3.0204766547172284,0.6034878412992289,model.vision_tower.encoder.layers.18.mlp.fc2,1024,1048.2784423828125,1024,4.013172626495361,261.209407106481,4.013172626495361,0.002829127013683319,4195328
htlou/backup_0202_llamafactory_Compcap_cosi_0_80-llava-mistral,False,0.03564348816871643,1024,1024,5.315126419067383,2.371146051894464,0.9725520014762878,2.8671746253967285,2.4732460661295237,0.44611282309076594,model.vision_tower.encoder.layers.19.self_attn.k_proj,1019,297.33502197265625,1019,2.793269395828247,106.44695510455477,2.793269395828247,1.3206661606091075e-05,1049600
htlou/backup_0202_llamafactory_Compcap_cosi_0_80-llava-mistral,False,0.05355808138847351,1024,1024,8.809087753295898,1.8343242796097659,0.9813705682754517,1.9581834077835083,2.3621603223462744,0.20823090097194888,model.vision_tower.encoder.layers.19.self_attn.v_proj,1019,230.22915649414062,1019,1.6152170896530151,142.5375932244495,1.6152170896530151,1.0730785106716212e-05,1049600
htlou/backup_0202_llamafactory_Compcap_cosi_0_80-llava-mistral,False,0.07278439402580261,1024,1024,3.365187883377075,1.6854038015110853,0.9625258445739746,2.545487403869629,2.478805787317197,0.5008349785866125,model.vision_tower.encoder.layers.19.self_attn.q_proj,1020,301.1658935546875,1020,3.168363332748413,95.0540900539458,3.168363332748413,1.3140030205249786e-05,1049600
htlou/backup_0202_llamafactory_Compcap_cosi_0_80-llava-mistral,False,0.06743663549423218,1024,1024,5.876678466796875,0.7537585602108275,0.9801000356674194,1.5848808288574219,2.349624473470861,0.12826268520041542,model.vision_tower.encoder.layers.19.self_attn.out_proj,1019,223.67861938476562,1019,1.3435773849487305,166.4798930753817,1.3435773849487305,1.1357806215528399e-05,1049600
htlou/backup_0202_llamafactory_Compcap_cosi_0_80-llava-mistral,False,0.02777770161628723,4096,1024,5.222011089324951,7.504549267626737,1.0167336463928223,7.504691123962402,2.969491417270558,1.4370994506250367,model.vision_tower.encoder.layers.19.mlp.fc1,1024,932.1620483398438,1024,27.358951568603516,34.07155592210525,27.358951568603516,0.01810934580862522,4198400
htlou/backup_0202_llamafactory_Compcap_cosi_0_80-llava-mistral,False,0.03336551785469055,1024,4096,6.058210372924805,4.231202194324809,1.0256006717681885,4.925108909606934,3.0368887249248675,0.6984244411905515,model.vision_tower.encoder.layers.19.mlp.fc2,1024,1088.651123046875,1024,4.993722915649414,218.00391039623796,4.993722915649414,0.0029603317379951477,4195328
htlou/backup_0202_llamafactory_Compcap_cosi_0_80-llava-mistral,False,0.040181636810302734,1024,1024,5.277790069580078,2.413900131597804,0.97273850440979,2.784672498703003,2.450558014475202,0.4573694860488954,model.vision_tower.encoder.layers.20.self_attn.k_proj,1019,282.2006530761719,1019,2.8666157722473145,98.44383604117884,2.8666157722473145,1.3714513443119358e-05,1049600
htlou/backup_0202_llamafactory_Compcap_cosi_0_80-llava-mistral,False,0.03849893808364868,1024,1024,6.9215168952941895,1.9684813252623266,0.9803425073623657,2.1570911407470703,2.388726978434276,0.2844002774306107,model.vision_tower.encoder.layers.20.self_attn.v_proj,1019,244.75241088867188,1019,1.9248650074005127,127.15302628894717,1.9248650074005127,1.1884646482940298e-05,1049600
htlou/backup_0202_llamafactory_Compcap_cosi_0_80-llava-mistral,False,0.06460008025169373,1024,1024,5.383592128753662,2.7876498514081436,0.9618403315544128,3.1344377994537354,2.4595496619239925,0.5178048010954172,model.vision_tower.encoder.layers.20.self_attn.q_proj,1019,288.104248046875,1019,3.2946159839630127,87.44698910260293,3.2946159839630127,1.3602427316072863e-05,1049600
htlou/backup_0202_llamafactory_Compcap_cosi_0_80-llava-mistral,False,0.06688797473907471,1024,1024,4.469598770141602,1.073208444897787,0.9754694700241089,1.9788368940353394,2.3822985219300477,0.2401129273766528,model.vision_tower.encoder.layers.20.self_attn.out_proj,1018,241.15625,1018,1.7382527589797974,138.73485818111843,1.7382527589797974,1.814366623875685e-05,1049600
htlou/backup_0202_llamafactory_Compcap_cosi_0_80-llava-mistral,False,0.022610127925872803,4096,1024,5.105289459228516,7.490323534900889,1.0168993473052979,7.490485668182373,2.985615218278874,1.4671692163039052,model.vision_tower.encoder.layers.20.mlp.fc1,1024,967.4203491210938,1024,29.320354461669922,32.9948381212713,29.320354461669922,0.02001272328197956,4198400
htlou/backup_0202_llamafactory_Compcap_cosi_0_80-llava-mistral,False,0.04280751943588257,1024,4096,6.035313129425049,5.577553766761365,1.0215054750442505,5.798210144042969,3.1000834989767534,0.9241531710373256,model.vision_tower.encoder.layers.20.mlp.fc2,1024,1259.16748046875,1024,8.397561073303223,149.9444266588049,8.397561073303223,0.003523940686136484,4195328
htlou/backup_0202_llamafactory_Compcap_cosi_0_80-llava-mistral,False,0.03140747547149658,1024,1024,5.169065475463867,2.472491684637745,0.9728667140007019,2.734866142272949,2.428782353480642,0.4783246984148263,model.vision_tower.encoder.layers.21.self_attn.k_proj,1019,268.39990234375,1019,3.00832462310791,89.2190624250069,3.00832462310791,1.3357085663301405e-05,1049600
htlou/backup_0202_llamafactory_Compcap_cosi_0_80-llava-mistral,False,0.041984736919403076,1024,1024,7.630828380584717,3.035967422901132,0.9820935726165771,3.054504156112671,2.412407734840782,0.3978555500770546,model.vision_tower.encoder.layers.21.self_attn.v_proj,1019,258.46856689453125,1019,2.499513864517212,103.40753478655145,2.499513864517212,1.1834464203275274e-05,1049600
htlou/backup_0202_llamafactory_Compcap_cosi_0_80-llava-mistral,False,0.035263657569885254,1024,1024,3.225626230239868,4.818749222628662,0.9133685231208801,4.8285040855407715,2.51166190797336,1.4938957209156634,model.vision_tower.encoder.layers.21.self_attn.q_proj,1019,324.8343200683594,1019,31.181407928466797,10.417564236148705,31.181407928466797,1.6506644897162914e-05,1049600
htlou/backup_0202_llamafactory_Compcap_cosi_0_80-llava-mistral,False,0.05018872022628784,1024,1024,5.351900577545166,1.4969054387026808,0.9746648073196411,2.1971912384033203,2.404354443628966,0.279696047602829,model.vision_tower.encoder.layers.21.self_attn.out_proj,1019,253.7198486328125,1019,1.904127597808838,133.24729336667298,1.904127597808838,1.5049229659780394e-05,1049600
htlou/backup_0202_llamafactory_Compcap_cosi_0_80-llava-mistral,False,0.030808866024017334,4096,1024,4.741779804229736,6.883065874294843,1.0182768106460571,6.883662700653076,2.9935275295670056,1.451578554566167,model.vision_tower.encoder.layers.21.mlp.fc1,1024,985.2070922851562,1024,28.286457061767578,34.82963914971089,28.286457061767578,0.03231675177812576,4198400
htlou/backup_0202_llamafactory_Compcap_cosi_0_80-llava-mistral,False,0.026341557502746582,1024,4096,5.496060848236084,5.187712395709449,1.0193222761154175,5.632719993591309,3.122429683978983,0.9438964631140142,model.vision_tower.encoder.layers.21.mlp.fc2,1024,1325.6524658203125,1024,8.788129806518555,150.84579939147187,8.788129806518555,0.004061681218445301,4195328
htlou/backup_0202_llamafactory_Compcap_cosi_0_80-llava-mistral,False,0.04897886514663696,1024,1024,3.603236198425293,6.08402259679768,0.8516263961791992,6.084051132202148,2.369431826311351,1.6884884203418455,model.vision_tower.encoder.layers.22.self_attn.k_proj,1015,234.11639404296875,1015,48.807708740234375,4.796709374107048,48.807708740234375,1.1059427379223052e-05,1049600
htlou/backup_0202_llamafactory_Compcap_cosi_0_80-llava-mistral,False,0.04762321710586548,1024,1024,10.724493026733398,1.8207166481445969,0.9820265173912048,1.9007607698440552,2.383585804175253,0.16977181519033294,model.vision_tower.encoder.layers.22.self_attn.v_proj,1019,241.8721160888672,1019,1.478331446647644,163.6115612891489,1.478331446647644,1.1627432286331896e-05,1049600
htlou/backup_0202_llamafactory_Compcap_cosi_0_80-llava-mistral,False,0.04328155517578125,1024,1024,2.3245091438293457,5.7140284732092885,0.586404025554657,5.945901393890381,3.0298906369775547,2.458165625365587,model.vision_tower.encoder.layers.22.self_attn.q_proj,1019,1071.24951171875,1019,287.18756103515625,3.730138965133007,287.18756103515625,1.4592762454412878e-05,1049600
htlou/backup_0202_llamafactory_Compcap_cosi_0_80-llava-mistral,False,0.06181114912033081,1024,1024,6.317736625671387,2.0680422352131376,0.9798101186752319,2.2998945713043213,2.3642002483866214,0.3273391022363751,model.vision_tower.encoder.layers.22.self_attn.out_proj,1018,231.3131103515625,1018,2.1249029636383057,108.8581993200777,2.1249029636383057,1.2217362382216379e-05,1049600
htlou/backup_0202_llamafactory_Compcap_cosi_0_80-llava-mistral,False,0.03148007392883301,4096,1024,4.664597511291504,6.45989542812002,1.0197725296020508,6.461140155792236,2.9770831370819697,1.3848773473987137,model.vision_tower.encoder.layers.22.mlp.fc1,1024,948.6000366210938,1024,24.259248733520508,39.102613895472956,24.259248733520508,0.03849358111619949,4198400
htlou/backup_0202_llamafactory_Compcap_cosi_0_80-llava-mistral,False,0.058631062507629395,1024,4096,5.377099990844727,4.496031123328936,1.0160175561904907,5.348377227783203,3.097454829459927,0.8361442284845111,model.vision_tower.encoder.layers.22.mlp.fc2,1024,1251.569091796875,1024,6.85715913772583,182.52005920515307,6.85715913772583,0.003828099463135004,4195328
htlou/backup_0202_llamafactory_Compcap_cosi_0_80-llava-mistral,False,0.0356060266494751,1024,1024,3.5847156047821045,1.206124828489143,0.9644466638565063,2.1132652759552,2.331418089948794,0.3364631846610484,model.vision_tower.encoder.layers.23.self_attn.k_proj,1019,214.49545288085938,1019,2.1700172424316406,98.8450454156317,2.1700172424316406,1.071692804544e-05,1049600
htlou/backup_0202_llamafactory_Compcap_cosi_0_80-llava-mistral,False,0.07011020183563232,1024,1024,8.938732147216797,1.83866181012869,0.9791560769081116,2.7850944995880127,2.5430035736979626,0.20569604053984142,model.vision_tower.encoder.layers.23.self_attn.v_proj,1019,349.1431884765625,1019,1.6058169603347778,217.42402596356547,1.6058169603347778,1.026743120746687e-05,1049600
htlou/backup_0202_llamafactory_Compcap_cosi_0_80-llava-mistral,False,0.05184635519981384,1024,1024,3.645625352859497,1.4306327600220123,0.9621793031692505,2.203324794769287,2.3438605442813008,0.39242451474062623,model.vision_tower.encoder.layers.23.self_attn.q_proj,1018,220.72958374023438,1018,2.4684510231018066,89.42028084594928,2.4684510231018066,1.1899717719643377e-05,1049600
htlou/backup_0202_llamafactory_Compcap_cosi_0_80-llava-mistral,False,0.07246753573417664,1024,1024,11.08785343170166,2.959261457456109,0.9800673723220825,2.985612392425537,2.512433058394231,0.26689218753516203,model.vision_tower.encoder.layers.23.self_attn.out_proj,1017,325.41162109375,1017,1.8488095998764038,176.01142979542314,1.8488095998764038,1.39238863994251e-05,1049600
htlou/backup_0202_llamafactory_Compcap_cosi_0_80-llava-mistral,False,0.01501302421092987,4096,1024,3.814922332763672,4.642010505083637,1.014731526374817,4.719149589538574,2.9876817272027623,1.2168034104434289,model.vision_tower.encoder.layers.23.mlp.fc1,1024,972.0346069335938,1024,16.474164962768555,59.00357372470059,16.474164962768555,0.006989028304815292,4198400
htlou/backup_0202_llamafactory_Compcap_cosi_0_80-llava-mistral,False,0.034905076026916504,1024,4096,3.4814107418060303,4.026343619061222,0.9593876004219055,4.406570911407471,2.9496889886725115,1.1565264536905806,model.vision_tower.encoder.layers.23.mlp.fc2,1024,890.6129150390625,1024,14.339250564575195,62.1101438341068,14.339250564575195,0.0020532875787466764,4195328
htlou/backup_0202_llamafactory_Compcap_cosi_0_80-llava-mistral,False,0.025160014629364014,4096,1024,5.49575662612915,8.460055058939156,1.0206995010375977,8.462088584899902,3.3132014560217473,1.5393794948481667,model.multi_modal_projector.linear_1,1024,2056.844482421875,1024,34.62417984008789,59.40485787450941,34.62417984008789,0.28249096870422363,4198400
htlou/backup_0202_llamafactory_Compcap_cosi_0_80-llava-mistral,False,0.02426457405090332,4096,4096,2.9930777549743652,5.258775264435499,1.1120274066925049,5.61058235168457,3.4521226006664474,1.7569791682476819,model.multi_modal_projector.linear_2,4080,2832.19140625,4082,57.14512252807617,49.56138478587575,57.14512252807617,1.1318384167680051e-05,16781312
htlou/backup_0202_llamafactory_Compcap_cosi_0_80-llava-mistral,False,0.025086641311645508,4096,4096,1.426782250404358,2.542152679987246,0.5910667181015015,2.9993083477020264,2.4653100866334805,1.78173836916375,model.language_model.layers.0.self_attn.q_proj,2055,291.9510803222656,2124,60.49763107299805,4.825826650468176,60.49763107299805,1.0007710443460383e-05,16777216
htlou/backup_0202_llamafactory_Compcap_cosi_0_80-llava-mistral,False,0.02295506000518799,1024,4096,1.447782278060913,1.6813426689073505,0.5823630094528198,2.1816487312316895,1.9142380033432704,1.161322869043028,model.language_model.layers.0.self_attn.k_proj,969,82.08012390136719,969,14.498493194580078,5.661286507486924,14.498493194580078,1.0061900866276119e-05,4194304
htlou/backup_0202_llamafactory_Compcap_cosi_0_80-llava-mistral,False,0.034690678119659424,1024,4096,4.876096248626709,-3.359371662237171,0.9659640789031982,-3.070486545562744,1.219065520616199,-0.6889469548890254,model.language_model.layers.0.self_attn.v_proj,1024,16.560197830200195,1024,0.20466946065425873,80.91191415300977,0.20466946065425873,0.0005013862974010408,4194304
htlou/backup_0202_llamafactory_Compcap_cosi_0_80-llava-mistral,False,0.03984701633453369,4096,4096,3.434990167617798,-0.41152882202351904,1.0883125066757202,0.04716574400663376,1.817480110384299,-0.11980494905140257,model.language_model.layers.0.self_attn.o_proj,3937,65.68710327148438,3937,0.7589183449745178,86.553584725495,0.7589183449745178,1.008619165077107e-05,16777216
htlou/backup_0202_llamafactory_Compcap_cosi_0_80-llava-mistral,False,0.020678579807281494,14336,4096,2.380319118499756,1.4218652147471282,1.134495735168457,2.6176788806915283,2.7809720261618462,0.5973422654535865,model.language_model.layers.0.mlp.gate_proj,4096,603.9097290039062,4096,3.9567832946777344,152.62643516925093,3.9567832946777344,0.0003390947531443089,58720256
htlou/backup_0202_llamafactory_Compcap_cosi_0_80-llava-mistral,False,0.0481487512588501,14336,4096,3.2521111965179443,0.6521523839786516,1.1634248495101929,1.930331826210022,2.7289424874743045,0.20053200661678336,model.language_model.layers.0.mlp.up_proj,4096,535.7257080078125,4096,1.5868358612060547,337.60625223117967,1.5868358612060547,0.0003528995148371905,58720256
htlou/backup_0202_llamafactory_Compcap_cosi_0_80-llava-mistral,False,0.031235694885253906,4096,14336,4.031683921813965,0.9204525385740242,1.1865863800048828,1.4790982007980347,2.6976439988859524,0.22830473728205544,model.language_model.layers.0.mlp.down_proj,4096,498.4757080078125,4096,1.6916275024414062,294.67226519337015,1.6916275024414062,0.009996501728892326,58720256
htlou/backup_0202_llamafactory_Compcap_cosi_0_80-llava-mistral,False,0.045719459652900696,4096,4096,2.9214859008789062,2.8514829212848727,0.9435396790504456,3.195282459259033,2.434015505500967,0.9760385701081173,model.language_model.layers.1.self_attn.q_proj,3086,271.65362548828125,3086,9.463212013244629,28.706281240246675,9.463212013244629,1.0125162589247338e-05,16777216
htlou/backup_0202_llamafactory_Compcap_cosi_0_80-llava-mistral,False,0.039993464946746826,1024,4096,2.974144458770752,1.9418985551021395,0.8344814777374268,2.283003091812134,2.0082612927561705,0.6529267767661657,model.language_model.layers.1.self_attn.k_proj,967,101.92044067382812,967,4.497040271759033,22.66389325305321,4.497040271759033,1.0798935363709461e-05,4194304
htlou/backup_0202_llamafactory_Compcap_cosi_0_80-llava-mistral,False,0.09274785220623016,1024,4096,22.210968017578125,-22.353451163178047,1.0128871202468872,-22.106924057006836,1.4007980038691374,-1.0064149903546373,model.language_model.layers.1.self_attn.v_proj,1024,25.165061950683594,1024,0.0985337495803833,255.3953549707765,0.0985337495803833,0.002108576474711299,4194304
htlou/backup_0202_llamafactory_Compcap_cosi_0_80-llava-mistral,False,0.02499215304851532,4096,4096,3.6104235649108887,-0.09450868584763158,1.1384215354919434,0.06388217210769653,2.0029255350290804,-0.02617662004152253,model.language_model.layers.1.self_attn.o_proj,4023,100.6759033203125,4023,0.9415066242218018,106.93063726824623,0.9415066242218018,1.003894522000337e-05,16777216
htlou/backup_0202_llamafactory_Compcap_cosi_0_80-llava-mistral,False,0.019726336002349854,14336,4096,2.688180446624756,1.9519022794587713,1.1589030027389526,2.449648141860962,2.771762231981364,0.7261053780483948,model.language_model.layers.1.mlp.gate_proj,4096,591.2378540039062,4096,5.322373867034912,111.08536693858451,5.322373867034912,0.0004488601698540151,58720256
htlou/backup_0202_llamafactory_Compcap_cosi_0_80-llava-mistral,False,0.058017849922180176,14336,4096,3.419153928756714,-0.024981949291764085,1.1783795356750488,1.500922441482544,2.717266816473183,-0.007306471078021374,model.language_model.layers.1.mlp.up_proj,4096,521.5150146484375,4096,0.983316957950592,530.3630842850182,0.983316957950592,0.0003964444622397423,58720256
htlou/backup_0202_llamafactory_Compcap_cosi_0_80-llava-mistral,False,0.02479243278503418,4096,14336,5.2807464599609375,0.02626521661618333,1.1941614151000977,0.4804569482803345,2.7036608786661045,0.0049737696773227815,model.language_model.layers.1.mlp.down_proj,4096,505.4298400878906,4096,1.0115183591842651,499.6744107496897,1.0115183591842651,0.008137647062540054,58720256
htlou/backup_0202_llamafactory_Compcap_cosi_0_80-llava-mistral,False,0.026302188634872437,4096,4096,3.8525607585906982,2.268109138286992,1.113953709602356,2.3594369888305664,2.496310888330204,0.588727675022233,model.language_model.layers.2.self_attn.q_proj,3997,313.5529479980469,3997,3.879070520401001,80.83197929735837,3.879070520401001,1.0098566235683393e-05,16777216
htlou/backup_0202_llamafactory_Compcap_cosi_0_80-llava-mistral,False,0.03521159291267395,1024,4096,5.572750568389893,1.518673869475905,0.9859737753868103,1.5411618947982788,2.1203159110976197,0.2725178259529904,model.language_model.layers.2.self_attn.k_proj,1024,131.92160034179688,1024,1.8729139566421509,70.43655148916301,1.8729139566421509,1.0215138900093734e-05,4194304
htlou/backup_0202_llamafactory_Compcap_cosi_0_80-llava-mistral,False,0.08355847001075745,1024,4096,9.36284351348877,-10.694985851308774,1.0210962295532227,-9.80560302734375,1.3260644677569111,-1.1422796756029112,model.language_model.layers.2.self_attn.v_proj,1024,21.186756134033203,1024,0.07206432521343231,293.9978425009124,0.07206432521343231,0.002355945063754916,4194304
htlou/backup_0202_llamafactory_Compcap_cosi_0_80-llava-mistral,False,0.01975652575492859,4096,4096,4.015176773071289,-0.34969104353514585,1.1372050046920776,-0.26061996817588806,1.9408711478828213,-0.08709231580547827,model.language_model.layers.2.self_attn.o_proj,4015,87.271240234375,4015,0.8182908296585083,106.65063944416352,0.8182908296585083,1.0043980182672385e-05,16777216
htlou/backup_0202_llamafactory_Compcap_cosi_0_80-llava-mistral,False,0.031402409076690674,14336,4096,3.928182601928711,2.097590225977886,1.183166742324829,2.2262966632843018,2.76069189003275,0.5339849081730528,model.language_model.layers.2.mlp.gate_proj,4096,576.357421875,4096,3.419675588607788,168.54154931978374,3.419675588607788,0.0008092157077044249,58720256
htlou/backup_0202_llamafactory_Compcap_cosi_0_80-llava-mistral,False,0.012489557266235352,14336,4096,9.300561904907227,-1.6879689407865346,1.1921813488006592,-1.337238073348999,2.7063503012534857,-0.18149107097453077,model.language_model.layers.2.mlp.up_proj,4096,508.5694885253906,4096,0.658428966999054,772.3984120007912,0.658428966999054,0.0006903538014739752,58720256
htlou/backup_0202_llamafactory_Compcap_cosi_0_80-llava-mistral,False,0.011816918849945068,4096,14336,4.384222984313965,0.09081003176394811,1.1897120475769043,1.039902925491333,2.69935599010924,0.020712913574161624,model.language_model.layers.2.mlp.down_proj,4096,500.444580078125,4096,1.0488488674163818,477.1369790491024,1.0488488674163818,0.010219388641417027,58720256
htlou/backup_0202_llamafactory_Compcap_cosi_0_80-llava-mistral,False,0.029171675443649292,4096,4096,2.9267239570617676,2.2182220016742895,1.092413067817688,2.464881181716919,2.497694433914557,0.7579197882062079,model.language_model.layers.3.self_attn.q_proj,3943,314.5534362792969,3943,5.726902484893799,54.92557924794664,5.726902484893799,1.0110657058248762e-05,16777216
htlou/backup_0202_llamafactory_Compcap_cosi_0_80-llava-mistral,False,0.040966153144836426,1024,4096,3.81823992729187,1.715208257422672,0.9534920454025269,1.910065770149231,2.1416446104728206,0.44921437366017036,model.language_model.layers.3.self_attn.k_proj,1023,138.56214904785156,1023,2.813289165496826,49.25272195522124,2.813289165496826,1.533581416879315e-05,4194304
htlou/backup_0202_llamafactory_Compcap_cosi_0_80-llava-mistral,False,0.06235441565513611,1024,4096,6.197035789489746,-6.511007687587244,1.0279736518859863,-5.317935466766357,1.4275351115259756,-1.0506648515133636,model.language_model.layers.3.self_attn.v_proj,1024,26.763019561767578,1024,0.0889887586236,300.74607147817846,0.0889887586236,0.003326654899865389,4194304
htlou/backup_0202_llamafactory_Compcap_cosi_0_80-llava-mistral,False,0.02745211124420166,4096,4096,3.9921724796295166,-0.6826266277185686,1.1498260498046875,-0.49892958998680115,2.0341510212899974,-0.17099126633474465,model.language_model.layers.3.self_attn.o_proj,4033,108.1810073852539,4033,0.6745415925979614,160.37707470135453,0.6745415925979614,1.0403387932456098e-05,16777216
htlou/backup_0202_llamafactory_Compcap_cosi_0_80-llava-mistral,False,0.02181321382522583,14336,4096,3.525127410888672,1.6927697940633477,1.1825027465820312,2.0431363582611084,2.760018704769532,0.48020102446073193,model.language_model.layers.3.mlp.gate_proj,4096,575.4647216796875,4096,3.0213499069213867,190.4660960855272,3.0213499069213867,0.0010762745514512062,58720256
htlou/backup_0202_llamafactory_Compcap_cosi_0_80-llava-mistral,False,0.02096778154373169,14336,4096,9.345562934875488,-1.6250128413849845,1.1939321756362915,-1.4316121339797974,2.6983778533896765,-0.17388068035161486,model.language_model.layers.3.mlp.up_proj,4096,499.3187255859375,4096,0.6700686812400818,745.1754418097247,0.6700686812400818,0.000933950359467417,58720256
htlou/backup_0202_llamafactory_Compcap_cosi_0_80-llava-mistral,False,0.02609574794769287,4096,14336,6.295736789703369,-0.10505720056793387,1.1895335912704468,0.39271700382232666,2.6965030337646114,-0.016687038241457956,model.language_model.layers.3.mlp.down_proj,4096,497.1678466796875,4096,0.96230548620224,516.6424319597007,0.96230548620224,0.009322364814579487,58720256
htlou/backup_0202_llamafactory_Compcap_cosi_0_80-llava-mistral,False,0.0371435284614563,4096,4096,4.475969314575195,2.553480030074533,1.0997076034545898,2.6249260902404785,2.438662507934924,0.5704864914421064,model.language_model.layers.4.self_attn.q_proj,4003,274.5759582519531,4003,3.7195165157318115,73.82033581263197,3.7195165157318115,1.0202134944847785e-05,16777216
htlou/backup_0202_llamafactory_Compcap_cosi_0_80-llava-mistral,False,0.06358227133750916,1024,4096,3.946035385131836,0.8357477073644819,0.9671547412872314,1.141521692276001,2.0556980854516613,0.21179427597468434,model.language_model.layers.4.self_attn.k_proj,1024,113.68367004394531,1024,1.6285244226455688,69.80777718965003,1.6285244226455688,0.00016262098506558686,4194304
htlou/backup_0202_llamafactory_Compcap_cosi_0_80-llava-mistral,False,0.08906754851341248,1024,4096,5.208400249481201,-5.4308258138714285,1.022171974182129,-4.0692243576049805,1.4148855338888917,-1.0427051596912857,model.language_model.layers.4.self_attn.v_proj,1024,25.99474334716797,1024,0.0906347706913948,286.80762525100096,0.0906347706913948,0.0031879849266260862,4194304
htlou/backup_0202_llamafactory_Compcap_cosi_0_80-llava-mistral,False,0.043177515268325806,4096,4096,3.4791533946990967,-1.0214777764768148,1.136864185333252,-0.18897098302841187,2.0203074175234472,-0.2935995228129802,model.language_model.layers.4.self_attn.o_proj,4024,104.78700256347656,4024,0.508628249168396,206.018841334123,0.508628249168396,1.011632411973551e-05,16777216
htlou/backup_0202_llamafactory_Compcap_cosi_0_80-llava-mistral,False,0.025180518627166748,14336,4096,3.219168186187744,2.104399989043587,1.1804813146591187,2.387918472290039,2.774383696325529,0.6537092401921671,model.language_model.layers.4.mlp.gate_proj,4096,594.8174438476562,4096,4.505149841308594,132.03055720670145,4.505149841308594,0.002450784668326378,58720256
htlou/backup_0202_llamafactory_Compcap_cosi_0_80-llava-mistral,False,0.026416689157485962,14336,4096,7.625604629516602,-1.6822131366203046,1.1955486536026,-1.0457895994186401,2.686254146176114,-0.22060062360287128,model.language_model.layers.4.mlp.up_proj,4096,485.57257080078125,4096,0.6017268300056458,806.965131995569,0.6017268300056458,0.0018359972164034843,58720256
htlou/backup_0202_llamafactory_Compcap_cosi_0_80-llava-mistral,False,0.020138263702392578,4096,14336,5.739342212677002,-0.0755892812902678,1.1918821334838867,0.31509044766426086,2.6834784188486003,-0.01317037362283555,model.language_model.layers.4.mlp.down_proj,4096,482.47900390625,4096,0.9701293110847473,497.33473506409933,0.9701293110847473,0.010810395702719688,58720256
htlou/backup_0202_llamafactory_Compcap_cosi_0_80-llava-mistral,False,0.034993164241313934,4096,4096,4.561384201049805,2.5020996309294716,1.1141357421875,2.5511860847473145,2.4583588572568003,0.5485395486645506,model.language_model.layers.5.self_attn.q_proj,4026,287.31536865234375,4026,3.536222219467163,81.24924024023477,3.536222219467163,1.0429274880152661e-05,16777216
htlou/backup_0202_llamafactory_Compcap_cosi_0_80-llava-mistral,False,0.040261685848236084,1024,4096,5.112083435058594,1.024954377929437,0.9795693755149841,1.1526528596878052,2.0811347913439597,0.20049641030901702,model.language_model.layers.5.self_attn.k_proj,1024,120.54100036621094,1024,1.5867058038711548,75.96934483514326,1.5867058038711548,0.0008053018245846033,4194304
htlou/backup_0202_llamafactory_Compcap_cosi_0_80-llava-mistral,False,0.047983646392822266,1024,4096,8.672422409057617,-9.658280843886516,1.029814600944519,-8.97217082977295,1.3579618983572637,-1.1136774004226606,model.language_model.layers.5.self_attn.v_proj,1024,22.801420211791992,1024,0.07697019726037979,296.23699851850273,0.07697019726037979,0.0026194921229034662,4194304
htlou/backup_0202_llamafactory_Compcap_cosi_0_80-llava-mistral,False,0.035280466079711914,4096,4096,4.3613409996032715,-1.862696772250209,1.148868441581726,-1.1950695514678955,2.0174725573234267,-0.4270926699883474,model.language_model.layers.5.self_attn.o_proj,4029,104.10523223876953,4029,0.3740307688713074,278.33333752975005,0.3740307688713074,1.0080998436023947e-05,16777216
htlou/backup_0202_llamafactory_Compcap_cosi_0_80-llava-mistral,False,0.014788687229156494,14336,4096,3.2627296447753906,2.482634818506599,1.1796224117279053,2.5865914821624756,2.79091722569831,0.7609073042512249,model.language_model.layers.5.mlp.gate_proj,4096,617.8986206054688,4096,5.7664337158203125,107.15437843502006,5.7664337158203125,0.001500623533502221,58720256
htlou/backup_0202_llamafactory_Compcap_cosi_0_80-llava-mistral,False,0.012874394655227661,14336,4096,7.687465190887451,-1.2583040593733725,1.1954810619354248,-1.023724913597107,2.6738041616225825,-0.16368257001865036,model.language_model.layers.5.mlp.up_proj,4096,471.8502197265625,4096,0.6859894394874573,687.8388974604468,0.6859894394874573,0.001681583933532238,58720256
htlou/backup_0202_llamafactory_Compcap_cosi_0_80-llava-mistral,False,0.021804869174957275,4096,14336,4.592169761657715,-0.37599396354780423,1.1900924444198608,0.6333314180374146,2.6714095911805114,-0.08187719162456991,model.language_model.layers.5.mlp.down_proj,4096,469.2557373046875,4096,0.8281763195991516,566.61332399822,0.8281763195991516,0.007621443830430508,58720256
htlou/backup_0202_llamafactory_Compcap_cosi_0_80-llava-mistral,False,0.024498403072357178,4096,4096,3.848054885864258,2.3011573891603074,1.1086877584457397,2.379293441772461,2.4409339558926533,0.5980053448856868,model.language_model.layers.6.self_attn.q_proj,4015,276.01580810546875,4015,3.962829113006592,69.65120125910653,3.962829113006592,1.0277782166667748e-05,16777216
htlou/backup_0202_llamafactory_Compcap_cosi_0_80-llava-mistral,False,0.031105875968933105,1024,4096,5.125109672546387,1.5408277308838652,0.9735226631164551,1.5838333368301392,2.0839484319690476,0.30064287972950093,model.language_model.layers.6.self_attn.k_proj,1024,121.32447814941406,1024,1.998218059539795,60.71633552213817,1.998218059539795,0.00040675525087863207,4194304
htlou/backup_0202_llamafactory_Compcap_cosi_0_80-llava-mistral,False,0.061696767807006836,1024,4096,5.655206680297852,-5.873253000586534,1.0243912935256958,-4.782591819763184,1.3804996881615228,-1.0385567376429112,model.language_model.layers.6.self_attn.v_proj,1024,24.015945434570312,1024,0.09150467067956924,262.4559517696017,0.09150467067956924,0.0024197029415518045,4194304
htlou/backup_0202_llamafactory_Compcap_cosi_0_80-llava-mistral,False,0.03286147117614746,4096,4096,4.083042144775391,-1.9549408040791918,1.1420536041259766,-0.8156505227088928,2.025494938194829,-0.4787951568368476,model.language_model.layers.6.self_attn.o_proj,4026,106.04615783691406,4026,0.33205103874206543,319.3670414001923,0.33205103874206543,1.0029409168055281e-05,16777216
htlou/backup_0202_llamafactory_Compcap_cosi_0_80-llava-mistral,False,0.00933760404586792,14336,4096,3.77392840385437,2.6394817609607086,1.1843303442001343,2.683927536010742,2.79154519888548,0.6993990024466193,model.language_model.layers.6.mlp.gate_proj,4096,618.792724609375,4096,5.004941463470459,123.63635601450173,5.004941463470459,0.0014658919535577297,58720256
htlou/backup_0202_llamafactory_Compcap_cosi_0_80-llava-mistral,False,0.011200964450836182,14336,4096,6.851278781890869,-0.8965662838089163,1.195310354232788,-0.5742610692977905,2.680663962643196,-0.13086115925959665,model.language_model.layers.6.mlp.up_proj,4096,479.3623962402344,4096,0.7398417592048645,647.9255736462119,0.7398417592048645,0.0016269307816401124,58720256
htlou/backup_0202_llamafactory_Compcap_cosi_0_80-llava-mistral,False,0.013010889291763306,4096,14336,4.3318305015563965,0.46173031182410407,1.1877089738845825,1.1245083808898926,2.677432114591171,0.10659011511604796,model.language_model.layers.6.mlp.down_proj,4096,475.80841064453125,4096,1.2781744003295898,372.2562511984588,1.2781744003295898,0.010730010457336903,58720256
htlou/backup_0202_llamafactory_Compcap_cosi_0_80-llava-mistral,False,0.04662430286407471,4096,4096,4.927834510803223,2.6640416141469183,1.1003515720367432,2.723541259765625,2.4283597999307998,0.5406110144946177,model.language_model.layers.7.self_attn.q_proj,4020,268.1388854980469,4020,3.47225022315979,77.22337627327941,3.47225022315979,1.002206226985436e-05,16777216
htlou/backup_0202_llamafactory_Compcap_cosi_0_80-llava-mistral,False,0.06284593045711517,1024,4096,6.86602783203125,1.6646395298724093,0.9595247507095337,1.7205501794815063,2.0783560324146304,0.2424457882484204,model.language_model.layers.7.self_attn.k_proj,1024,119.77220153808594,1024,1.747615098953247,68.53465709344397,1.747615098953247,0.0008397667552344501,4194304
htlou/backup_0202_llamafactory_Compcap_cosi_0_80-llava-mistral,False,0.06714180111885071,1024,4096,6.120856761932373,-6.304436453717933,1.0245788097381592,-5.295084476470947,1.403367535245454,-1.02999248290326,model.language_model.layers.7.self_attn.v_proj,1024,25.314393997192383,1024,0.09332704544067383,271.24392374860133,0.09332704544067383,0.0026910591404885054,4194304
htlou/backup_0202_llamafactory_Compcap_cosi_0_80-llava-mistral,False,0.04218602180480957,4096,4096,3.836531639099121,-1.438702738172793,1.1363686323165894,-0.4458434581756592,2.037511878094956,-0.3750008793126031,model.language_model.layers.7.self_attn.o_proj,4017,109.02143096923828,4017,0.42169564962387085,258.5310781993586,0.42169564962387085,1.02404119388666e-05,16777216
htlou/backup_0202_llamafactory_Compcap_cosi_0_80-llava-mistral,False,0.01773276925086975,14336,4096,3.3715152740478516,2.5650474346174272,1.180830478668213,2.6378302574157715,2.797923131445548,0.7607995889450098,model.language_model.layers.7.mlp.gate_proj,4096,627.9472045898438,4096,5.765003681182861,108.92399022041938,5.765003681182861,0.005177487153559923,58720256
htlou/backup_0202_llamafactory_Compcap_cosi_0_80-llava-mistral,False,0.023926645517349243,14336,4096,6.701990127563477,-0.7590048789944259,1.1937634944915771,-0.4263739585876465,2.6777598992416523,-0.11325067100186312,model.language_model.layers.7.mlp.up_proj,4096,476.16766357421875,4096,0.7704586386680603,618.0314421516506,0.7704586386680603,0.0037966545205563307,58720256
htlou/backup_0202_llamafactory_Compcap_cosi_0_80-llava-mistral,False,0.024341821670532227,4096,14336,5.163240432739258,-0.01092470319194561,1.1877896785736084,0.7106519937515259,2.6735908605396794,-0.0021158617992441072,model.language_model.layers.7.mlp.down_proj,4096,471.6185302734375,4096,0.9951398968696594,473.92183928809834,0.9951398968696594,0.008302832022309303,58720256
htlou/backup_0202_llamafactory_Compcap_cosi_0_80-llava-mistral,False,0.043927669525146484,4096,4096,3.776383638381958,2.0075348466187632,1.1059904098510742,2.131331443786621,2.412787842214944,0.5316024638532006,model.language_model.layers.8.self_attn.q_proj,4018,258.69488525390625,4018,3.4009673595428467,76.06508910708266,3.4009673595428467,1.0164711966353934e-05,16777216
htlou/backup_0202_llamafactory_Compcap_cosi_0_80-llava-mistral,False,0.04501676559448242,1024,4096,5.721254825592041,1.4060147812329298,0.9646990299224854,1.4505469799041748,2.049387091694039,0.24575286787500047,model.language_model.layers.8.self_attn.k_proj,1024,112.04360961914062,1024,1.7609736919403076,63.625941791150055,1.7609736919403076,0.0002739928022492677,4194304
htlou/backup_0202_llamafactory_Compcap_cosi_0_80-llava-mistral,False,0.07238936424255371,1024,4096,3.6467859745025635,-3.7185513173018303,1.0166304111480713,-2.046306610107422,1.4175341808998012,-1.0196790662520456,model.language_model.layers.8.self_attn.v_proj,1024,26.153762817382812,1024,0.09556985646486282,273.6612126962699,0.09556985646486282,0.0020321740303188562,4194304
htlou/backup_0202_llamafactory_Compcap_cosi_0_80-llava-mistral,False,0.03521686792373657,4096,4096,5.335538387298584,-2.2076232653052603,1.134334921836853,-1.3911556005477905,2.0564041516275275,-0.41375829486309695,model.language_model.layers.8.self_attn.o_proj,4021,113.86864471435547,4021,0.3856929540634155,295.23133237127587,0.3856929540634155,1.0280827154929284e-05,16777216
htlou/backup_0202_llamafactory_Compcap_cosi_0_80-llava-mistral,False,0.012297958135604858,14336,4096,3.7891757488250732,2.7909738506763953,1.1819515228271484,2.8275835514068604,2.7963439217168435,0.736564898458934,model.language_model.layers.8.mlp.gate_proj,4096,625.66796875,4096,5.452113628387451,114.75695691526722,5.452113628387451,0.00675260229036212,58720256
htlou/backup_0202_llamafactory_Compcap_cosi_0_80-llava-mistral,False,0.01604306697845459,14336,4096,6.182790756225586,-0.5795838924923249,1.1926774978637695,-0.09942267090082169,2.6860114274160383,-0.09374146972525786,model.language_model.layers.8.mlp.up_proj,4096,485.30126953125,4096,0.8058580160140991,602.2168420333232,0.8058580160140991,0.0047757881693542,58720256
htlou/backup_0202_llamafactory_Compcap_cosi_0_80-llava-mistral,False,0.04381689429283142,4096,14336,4.1227946281433105,0.21645313940147592,1.1867923736572266,0.9892231822013855,2.6807872294798973,0.05250155754155404,model.language_model.layers.8.mlp.down_proj,4096,479.49847412109375,4096,1.128499984741211,424.89896376122056,1.128499984741211,0.008147668093442917,58720256
htlou/backup_0202_llamafactory_Compcap_cosi_0_80-llava-mistral,False,0.0402255654335022,4096,4096,3.4970321655273438,1.4715318634512653,1.1061311960220337,1.7823703289031982,2.3952304070842563,0.42079448909768946,model.language_model.layers.9.self_attn.q_proj,4030,248.44508361816406,4030,2.6350841522216797,94.28354817765354,2.6350841522216797,1.0009600373450667e-05,16777216
htlou/backup_0202_llamafactory_Compcap_cosi_0_80-llava-mistral,False,0.04468256235122681,1024,4096,6.182803153991699,0.8198292528805029,0.9729974865913391,0.8876481056213379,2.0480111261496154,0.13259831058202304,model.language_model.layers.9.self_attn.k_proj,1024,111.6891860961914,1024,1.3570576906204224,82.3024598498308,1.3570576906204224,0.0021287905983626842,4194304
htlou/backup_0202_llamafactory_Compcap_cosi_0_80-llava-mistral,False,0.06660103797912598,1024,4096,5.650569915771484,-5.709350074428569,1.0149650573730469,-4.670529365539551,1.3491088669226512,-1.0104025186013577,model.language_model.layers.9.self_attn.v_proj,1024,22.34132194519043,1024,0.09763319045305252,228.82917009593558,0.09763319045305252,0.0015649530105292797,4194304
htlou/backup_0202_llamafactory_Compcap_cosi_0_80-llava-mistral,False,0.052590757608413696,4096,4096,3.7020866870880127,-1.717717707665603,1.1316126585006714,-0.29364410042762756,2.0384908623519418,-0.4639863549539747,model.language_model.layers.9.self_attn.o_proj,4017,109.26746368408203,4017,0.34356874227523804,318.0366844797139,0.34356874227523804,1.0130747796210926e-05,16777216
htlou/backup_0202_llamafactory_Compcap_cosi_0_80-llava-mistral,False,0.014128267765045166,14336,4096,3.6020610332489014,2.7420194223762775,1.180537223815918,2.7852377891540527,2.7867787081443955,0.7612362469891567,model.language_model.layers.9.mlp.gate_proj,4096,612.0384521484375,4096,5.770802974700928,106.0577626426687,5.770802974700928,0.005495462100952864,58720256
htlou/backup_0202_llamafactory_Compcap_cosi_0_80-llava-mistral,False,0.01964712142944336,14336,4096,5.0063862800598145,-0.5314807618370394,1.1916643381118774,0.46111685037612915,2.6939064258881626,-0.10616055815626946,model.language_model.layers.9.mlp.up_proj,4096,494.2041931152344,4096,0.7831400632858276,631.0546686140631,0.7831400632858276,0.005204406566917896,58720256
htlou/backup_0202_llamafactory_Compcap_cosi_0_80-llava-mistral,False,0.04730454087257385,4096,14336,3.8245697021484375,0.23556797354247794,1.1832237243652344,1.2610962390899658,2.6871782928398718,0.061593327325201716,model.language_model.layers.9.mlp.down_proj,4096,486.60693359375,4096,1.1523736715316772,422.2648830105399,1.1523736715316772,0.005005687475204468,58720256
htlou/backup_0202_llamafactory_Compcap_cosi_0_80-llava-mistral,False,0.03362768888473511,4096,4096,3.990846633911133,2.066853399536787,1.1048359870910645,2.178440809249878,2.4188834530167194,0.517898478476788,model.language_model.layers.10.self_attn.q_proj,4023,262.3514404296875,4023,3.2953267097473145,79.61318058500021,3.2953267097473145,1.019319643091876e-05,16777216
htlou/backup_0202_llamafactory_Compcap_cosi_0_80-llava-mistral,False,0.0525381863117218,1024,4096,6.837690353393555,1.54904653290422,0.9709296822547913,1.568588137626648,2.0911430702596174,0.2265452883714493,model.language_model.layers.10.self_attn.k_proj,1024,123.35111236572266,1024,1.6847881078720093,73.21461481676926,1.6847881078720093,0.0014314334839582443,4194304
htlou/backup_0202_llamafactory_Compcap_cosi_0_80-llava-mistral,False,0.050841450691223145,1024,4096,7.564431190490723,-7.8504947767747435,1.0152496099472046,-7.0284247398376465,1.353550490724175,-1.0378169328374132,model.language_model.layers.10.self_attn.v_proj,1024,22.57098388671875,1024,0.09166067838668823,246.2450014988838,0.09166067838668823,0.0016815591370686889,4194304
htlou/backup_0202_llamafactory_Compcap_cosi_0_80-llava-mistral,False,0.04062521457672119,4096,4096,4.198724746704102,-2.005338663125166,1.137412428855896,-0.8386695384979248,2.0365396070021746,-0.47760660298089525,model.language_model.layers.10.self_attn.o_proj,4016,108.77763366699219,4016,0.3329610228538513,326.69780004471767,0.3329610228538513,1.0199878488492686e-05,16777216
htlou/backup_0202_llamafactory_Compcap_cosi_0_80-llava-mistral,False,0.0210249125957489,14336,4096,3.6433374881744385,2.5182884678989,1.1809704303741455,2.5864157676696777,2.7804788750917084,0.6912037317631903,model.language_model.layers.10.mlp.gate_proj,4096,603.224365234375,4096,4.91138219833374,122.8217110529553,4.91138219833374,0.007351217325776815,58720256
htlou/backup_0202_llamafactory_Compcap_cosi_0_80-llava-mistral,False,0.03031313419342041,14336,4096,4.962745189666748,-0.6493614813718503,1.1913301944732666,0.5391655564308167,2.697960231178349,-0.13084723405181628,model.language_model.layers.10.mlp.up_proj,4096,498.83880615234375,4096,0.7398654818534851,674.2290570208388,0.7398654818534851,0.005923877935856581,58720256
htlou/backup_0202_llamafactory_Compcap_cosi_0_80-llava-mistral,False,0.03264850378036499,4096,14336,4.148260116577148,0.5601292129174493,1.1849409341812134,1.2069036960601807,2.688412842071097,0.13502750482764528,model.language_model.layers.10.mlp.down_proj,4096,487.9921569824219,4096,1.3646695613861084,357.5899769368076,1.3646695613861084,0.010209241881966591,58720256
htlou/backup_0202_llamafactory_Compcap_cosi_0_80-llava-mistral,False,0.03805023431777954,4096,4096,5.679089546203613,2.3789333548779403,1.1035473346710205,2.4254589080810547,2.4077470757453123,0.41889343978881644,model.language_model.layers.11.self_attn.q_proj,4028,255.70962524414062,4028,2.623574733734131,97.466110629976,2.623574733734131,1.001704549707938e-05,16777216
htlou/backup_0202_llamafactory_Compcap_cosi_0_80-llava-mistral,False,0.04812094569206238,1024,4096,7.503735542297363,1.041236186719659,0.96086186170578,1.078999638557434,2.0498161238065267,0.13876237786504816,model.language_model.layers.11.self_attn.k_proj,1024,112.15435028076172,1024,1.3764561414718628,81.4805113665544,1.3764561414718628,0.001534976065158844,4194304
htlou/backup_0202_llamafactory_Compcap_cosi_0_80-llava-mistral,False,0.07466989755630493,1024,4096,8.610036849975586,-8.150542228529082,1.009688138961792,-7.445933818817139,1.4201648205607516,-0.9466326765549433,model.language_model.layers.11.self_attn.v_proj,1024,26.312664031982422,1024,0.11307518929243088,232.70059680319068,0.11307518929243088,0.001047204015776515,4194304
htlou/backup_0202_llamafactory_Compcap_cosi_0_80-llava-mistral,False,0.04162728786468506,4096,4096,4.268627166748047,-1.7566451158128051,1.1325241327285767,-0.549673318862915,2.0714853690317483,-0.41152460666904855,model.language_model.layers.11.self_attn.o_proj,4014,117.89228057861328,4014,0.387681782245636,304.0954875303284,0.387681782245636,1.0082810149469879e-05,16777216
htlou/backup_0202_llamafactory_Compcap_cosi_0_80-llava-mistral,False,0.023650944232940674,14336,4096,3.6533379554748535,2.633269208879537,1.1804252862930298,2.6836607456207275,2.776418732518998,0.7207844554685525,model.language_model.layers.11.mlp.gate_proj,4096,597.6112060546875,4096,5.257562637329102,113.66696838029122,5.257562637329102,0.007728940341621637,58720256
htlou/backup_0202_llamafactory_Compcap_cosi_0_80-llava-mistral,False,0.03201967477798462,14336,4096,4.605472087860107,-0.47115848728868265,1.1905667781829834,0.7523524165153503,2.703603683706128,-0.1023040588022763,model.language_model.layers.11.mlp.up_proj,4096,505.36328125,4096,0.7901252508163452,639.5989505814001,0.7901252508163452,0.007306747138500214,58720256
htlou/backup_0202_llamafactory_Compcap_cosi_0_80-llava-mistral,False,0.03347012400627136,4096,14336,4.287194728851318,0.4519063689682402,1.184556245803833,1.1918154954910278,2.691633528076928,0.10540840749011672,model.language_model.layers.11.mlp.down_proj,4096,491.62451171875,4096,1.2747012376785278,385.6782257575048,1.2747012376785278,0.007001293357461691,58720256
htlou/backup_0202_llamafactory_Compcap_cosi_0_80-llava-mistral,False,0.03087794780731201,4096,4096,5.298187255859375,2.288418314660215,1.0998668670654297,2.3427236080169678,2.3872842734493744,0.43192477052022005,model.language_model.layers.12.self_attn.q_proj,4025,243.94070434570312,4025,2.7034900188446045,90.23177546257652,2.7034900188446045,1.0228981409454718e-05,16777216
htlou/backup_0202_llamafactory_Compcap_cosi_0_80-llava-mistral,False,0.06718295812606812,1024,4096,7.627895832061768,1.014994463877771,0.9655839204788208,1.036888599395752,2.0415345660343873,0.13306349302929915,model.language_model.layers.12.self_attn.k_proj,1024,110.03594207763672,1024,1.358512043952942,80.99739900535494,1.358512043952942,0.0013742198934778571,4194304
htlou/backup_0202_llamafactory_Compcap_cosi_0_80-llava-mistral,False,0.07072314620018005,1024,4096,9.895149230957031,-10.505088036014815,1.0183073282241821,-9.6996488571167,1.3629551569437683,-1.0616401825603181,model.language_model.layers.12.self_attn.v_proj,1024,23.06509017944336,1024,0.08676804602146149,265.82470433572246,0.08676804602146149,0.001592723885551095,4194304
htlou/backup_0202_llamafactory_Compcap_cosi_0_80-llava-mistral,False,0.0690203607082367,4096,4096,3.563537836074829,-1.8187319705772287,1.131075382232666,-0.2848242223262787,2.0374460131474104,-0.5103725719327645,model.language_model.layers.12.self_attn.o_proj,4010,109.00489807128906,4010,0.3087645471096039,353.0356677659465,0.3087645471096039,1.0051806384581141e-05,16777216
htlou/backup_0202_llamafactory_Compcap_cosi_0_80-llava-mistral,False,0.022702574729919434,14336,4096,3.8057374954223633,2.8185709502138008,1.179630160331726,2.849295139312744,2.767103482821128,0.740610973196141,model.language_model.layers.12.mlp.gate_proj,4096,584.929443359375,4096,5.503145217895508,106.2900251036918,5.503145217895508,0.00837910920381546,58720256
htlou/backup_0202_llamafactory_Compcap_cosi_0_80-llava-mistral,False,0.030271172523498535,14336,4096,4.751651763916016,-0.5290860462612208,1.1900097131729126,0.7147164940834045,2.7057349139596556,-0.11134781599087157,model.language_model.layers.12.mlp.up_proj,4096,507.849365234375,4096,0.7738417983055115,656.270269125314,0.7738417983055115,0.007164067588746548,58720256
htlou/backup_0202_llamafactory_Compcap_cosi_0_80-llava-mistral,False,0.031078338623046875,4096,14336,4.181881904602051,0.6007419908214361,1.1845349073410034,1.2576857805252075,2.6942651842538092,0.14365350445700903,model.language_model.layers.12.mlp.down_proj,4096,494.61260986328125,4096,1.3920457363128662,355.31347639005713,1.3920457363128662,0.005878149066120386,58720256
htlou/backup_0202_llamafactory_Compcap_cosi_0_80-llava-mistral,False,0.04506140947341919,4096,4096,4.190239429473877,2.1663426881464343,1.1075899600982666,2.247058868408203,2.3984311219431897,0.5169973517285237,model.language_model.layers.13.self_attn.q_proj,4030,250.28286743164062,4030,3.288496255874634,76.10860647462512,3.288496255874634,1.0069069503515493e-05,16777216
htlou/backup_0202_llamafactory_Compcap_cosi_0_80-llava-mistral,False,0.048836350440979004,1024,4096,5.70911169052124,1.4873576843844163,0.9703693389892578,1.5306949615478516,2.059934568494694,0.26052348684189447,model.language_model.layers.13.self_attn.k_proj,1024,114.79806518554688,1024,1.8218955993652344,63.010232433484994,1.8218955993652344,0.0015751428436487913,4194304
htlou/backup_0202_llamafactory_Compcap_cosi_0_80-llava-mistral,False,0.07944291830062866,1024,4096,3.409217596054077,-3.250804593286764,1.017391562461853,-1.7101722955703735,1.4309549186221937,-0.9535339126048555,model.language_model.layers.13.self_attn.v_proj,1024,26.974594116210938,1024,0.11129254847764969,242.37556319081062,0.11129254847764969,0.0027155543211847544,4194304
htlou/backup_0202_llamafactory_Compcap_cosi_0_80-llava-mistral,False,0.035339951515197754,4096,4096,3.4738035202026367,-1.4460685370796187,1.132560133934021,8.262015035143122e-05,2.072468084173496,-0.4162781598526521,model.language_model.layers.13.self_attn.o_proj,4015,118.15934753417969,4015,0.3834615647792816,308.13869859992764,0.3834615647792816,1.0082580956805032e-05,16777216
htlou/backup_0202_llamafactory_Compcap_cosi_0_80-llava-mistral,False,0.02336353063583374,14336,4096,3.8586478233337402,2.651707920691109,1.1823440790176392,2.68336820602417,2.758020908716491,0.6872116974904758,model.language_model.layers.13.mlp.gate_proj,4096,572.8236083984375,4096,4.866443634033203,117.70887561348239,4.866443634033203,0.0070447479374706745,58720256
htlou/backup_0202_llamafactory_Compcap_cosi_0_80-llava-mistral,False,0.03090745210647583,14336,4096,5.0500311851501465,-0.46390430114821124,1.1906020641326904,0.6024693250656128,2.7112102260376276,-0.09186167057984584,model.language_model.layers.13.mlp.up_proj,4096,514.2925415039062,4096,0.8093536496162415,635.4361183739152,0.8093536496162415,0.007425360381603241,58720256
htlou/backup_0202_llamafactory_Compcap_cosi_0_80-llava-mistral,False,0.028959929943084717,4096,14336,3.565312147140503,0.5682853635817838,1.1830943822860718,1.4911142587661743,2.701928397052488,0.15939287785434644,model.language_model.layers.13.mlp.down_proj,4096,503.4176025390625,4096,1.4434205293655396,348.7671072271235,1.4434205293655396,0.006131995003670454,58720256
htlou/backup_0202_llamafactory_Compcap_cosi_0_80-llava-mistral,False,0.045844972133636475,4096,4096,5.39048957824707,2.3748003156879167,1.098586082458496,2.4066803455352783,2.3623405849637793,0.44055373472406867,model.language_model.layers.14.self_attn.q_proj,4023,230.32473754882812,4023,2.7577426433563232,83.51930086866639,2.7577426433563232,1.0161866157432087e-05,16777216
htlou/backup_0202_llamafactory_Compcap_cosi_0_80-llava-mistral,False,0.03539836406707764,1024,4096,6.347165107727051,0.8730596082880124,0.9646213054656982,0.896389365196228,1.948481631393035,0.1375511103729046,model.language_model.layers.14.self_attn.k_proj,1024,88.81404113769531,1024,1.3726224899291992,64.7039093336409,1.3726224899291992,0.0016398380976170301,4194304
htlou/backup_0202_llamafactory_Compcap_cosi_0_80-llava-mistral,False,0.09253591299057007,1024,4096,12.054031372070312,-11.366360389168586,1.0220377445220947,-10.55997085571289,1.5384824215216382,-0.9429509546080087,model.language_model.layers.14.self_attn.v_proj,1024,34.552734375,1024,0.11403785645961761,302.99354484302853,0.11403785645961761,0.0028795714024454355,4194304
htlou/backup_0202_llamafactory_Compcap_cosi_0_80-llava-mistral,False,0.08335211873054504,4096,4096,3.2285783290863037,-1.4910560627521536,1.1334753036499023,0.19765475392341614,2.1248815103520284,-0.46183053677812624,model.language_model.layers.14.self_attn.o_proj,4022,133.31576538085938,4022,0.34527844190597534,386.1108867525628,0.34527844190597534,1.0159983503399417e-05,16777216
htlou/backup_0202_llamafactory_Compcap_cosi_0_80-llava-mistral,False,0.018760353326797485,14336,4096,3.7625036239624023,2.9912881182607287,1.1803951263427734,3.0097856521606445,2.762575177797665,0.7950259766422539,model.language_model.layers.14.mlp.gate_proj,4096,578.8621826171875,4096,6.2377214431762695,92.80026174468426,6.2377214431762695,0.008006456308066845,58720256
htlou/backup_0202_llamafactory_Compcap_cosi_0_80-llava-mistral,False,0.023902088403701782,14336,4096,4.670883655548096,-0.3973113689733509,1.190784215927124,0.7980408668518066,2.7211821354620365,-0.08506128567373386,model.language_model.layers.14.mlp.up_proj,4096,526.2379150390625,4096,0.8221266269683838,640.0935060084119,0.8221266269683838,0.008369690738618374,58720256
htlou/backup_0202_llamafactory_Compcap_cosi_0_80-llava-mistral,False,0.008159875869750977,4096,14336,4.355007648468018,0.49065241314176095,1.1894510984420776,1.1281557083129883,2.7081049809021933,0.11266396129392796,model.language_model.layers.14.mlp.down_proj,4096,510.62841796875,4096,1.2961759567260742,393.94992270842056,1.2961759567260742,0.014452513307332993,58720256
htlou/backup_0202_llamafactory_Compcap_cosi_0_80-llava-mistral,False,0.050517916679382324,4096,4096,2.816518783569336,1.0888682567734844,1.0994538068771362,1.7301931381225586,2.3605724291295553,0.38660074384221804,model.language_model.layers.15.self_attn.q_proj,4027,229.388916015625,4027,2.43557071685791,94.18281901153577,2.43557071685791,1.017511294776341e-05,16777216
htlou/backup_0202_llamafactory_Compcap_cosi_0_80-llava-mistral,False,0.05921494960784912,1024,4096,6.334574222564697,0.9311369946952959,0.9607656598091125,0.9666097164154053,1.947552060850859,0.14699283045393124,model.language_model.layers.15.self_attn.k_proj,1024,88.6241455078125,1024,1.4027905464172363,63.17703361643039,1.4027905464172363,0.0018195795128121972,4194304
htlou/backup_0202_llamafactory_Compcap_cosi_0_80-llava-mistral,False,0.06463763117790222,1024,4096,21.376298904418945,-22.584336566211128,1.0280568599700928,-22.160032272338867,1.5135341688343746,-1.0565129476900446,model.language_model.layers.15.self_attn.v_proj,1024,32.62377166748047,1024,0.08779849112033844,371.57553906895333,0.08779849112033844,0.0033854166977107525,4194304
htlou/backup_0202_llamafactory_Compcap_cosi_0_80-llava-mistral,False,0.025523781776428223,4096,4096,4.447356700897217,-1.7602017066403535,1.1376497745513916,-0.5933571457862854,2.1158340898382857,-0.39578604214167207,model.language_model.layers.15.self_attn.o_proj,4023,130.56719970703125,4023,0.40198880434036255,324.80307485499134,0.40198880434036255,1.004551177175017e-05,16777216
htlou/backup_0202_llamafactory_Compcap_cosi_0_80-llava-mistral,False,0.024634361267089844,14336,4096,4.010919570922852,3.2706751089439985,1.1805944442749023,3.2786121368408203,2.774229746223279,0.8154427061202492,model.language_model.layers.15.mlp.gate_proj,4096,594.6066284179688,4096,6.537966728210449,90.94671984981522,6.537966728210449,0.007016519084572792,58720256
htlou/backup_0202_llamafactory_Compcap_cosi_0_80-llava-mistral,False,0.035285234451293945,14336,4096,5.535415172576904,-0.6532230186510387,1.1907145977020264,0.38681504130363464,2.716798901952794,-0.1180079539267772,model.language_model.layers.15.mlp.up_proj,4096,520.9534301757812,4096,0.762065052986145,683.6075583500777,0.762065052986145,0.006312244106084108,58720256
htlou/backup_0202_llamafactory_Compcap_cosi_0_80-llava-mistral,False,0.010194331407546997,4096,14336,4.5599822998046875,-0.09848505206422382,1.1902878284454346,0.902174711227417,2.705969024016192,-0.021597682970927786,model.language_model.layers.15.mlp.down_proj,4096,508.1231994628906,4096,0.951485812664032,534.0312936881468,0.951485812664032,0.008034106343984604,58720256
htlou/backup_0202_llamafactory_Compcap_cosi_0_80-llava-mistral,False,0.05641365051269531,4096,4096,5.10830545425415,2.5134314880313804,1.1015353202819824,2.53828763961792,2.363150842104245,0.49202842518710727,model.language_model.layers.16.self_attn.q_proj,4028,230.75485229492188,4028,3.1047627925872803,74.32286062106142,3.1047627925872803,1.0253475011268165e-05,16777216
htlou/backup_0202_llamafactory_Compcap_cosi_0_80-llava-mistral,False,0.0442025363445282,1024,4096,6.303858757019043,1.2815752353970167,0.9629641771316528,1.3074599504470825,1.974937497023363,0.2033001189898242,model.language_model.layers.16.self_attn.k_proj,1024,94.39250183105469,1024,1.5969823598861694,59.10679053322971,1.5969823598861694,0.0020662713795900345,4194304
htlou/backup_0202_llamafactory_Compcap_cosi_0_80-llava-mistral,False,0.11553320288658142,1024,4096,11.784225463867188,-13.006968328353173,1.0300756692886353,-11.659354209899902,1.517727650566075,-1.1037609869426854,model.language_model.layers.16.self_attn.v_proj,1024,32.9403076171875,1024,0.07874790579080582,418.30074446288876,0.07874790579080582,0.003705472918227315,4194304
htlou/backup_0202_llamafactory_Compcap_cosi_0_80-llava-mistral,False,0.03230839967727661,4096,4096,3.8569374084472656,-1.1283231103789373,1.1344428062438965,-0.05911821871995926,2.120116892886942,-0.2925437959941331,model.language_model.layers.16.self_attn.o_proj,4023,131.8611602783203,4023,0.5098661780357361,258.6191552974088,0.5098661780357361,1.0097904123540502e-05,16777216
htlou/backup_0202_llamafactory_Compcap_cosi_0_80-llava-mistral,False,0.017889797687530518,14336,4096,4.4428863525390625,3.954309786107175,1.1815098524093628,3.9556307792663574,2.789602270270605,0.8900317208985841,model.language_model.layers.16.mlp.gate_proj,4096,616.0305786132812,4096,7.763038158416748,79.35431541649399,7.763038158416748,0.006251954473555088,58720256
htlou/backup_0202_llamafactory_Compcap_cosi_0_80-llava-mistral,False,0.026121973991394043,14336,4096,5.885378837585449,-0.5507062536291208,1.1925030946731567,0.1181410476565361,2.712500392989661,-0.09357192949282685,model.language_model.layers.16.mlp.up_proj,4096,515.8226318359375,4096,0.8061726689338684,639.8413785449867,0.8061726689338684,0.007194906938821077,58720256
htlou/backup_0202_llamafactory_Compcap_cosi_0_80-llava-mistral,False,0.01398402452468872,4096,14336,4.5500407218933105,0.0698732131415546,1.1902124881744385,0.9035546183586121,2.701327614421691,0.01535661270136496,model.language_model.layers.16.mlp.down_proj,4096,502.7216796875,4096,1.0359925031661987,485.25609804229543,1.0359925031661987,0.011651938781142235,58720256
htlou/backup_0202_llamafactory_Compcap_cosi_0_80-llava-mistral,False,0.02348428964614868,4096,4096,4.809820652008057,2.9409276695024795,1.1130181550979614,2.945563316345215,2.366176170350887,0.611442272442044,model.language_model.layers.17.self_attn.q_proj,4032,232.367919921875,4032,4.0873541831970215,56.85044884955942,4.0873541831970215,1.026172685669735e-05,16777216
htlou/backup_0202_llamafactory_Compcap_cosi_0_80-llava-mistral,False,0.050013065338134766,1024,4096,5.484745979309082,1.478241656826924,0.9814914464950562,1.4825738668441772,1.9455380633827821,0.2695187092353071,model.language_model.layers.17.self_attn.k_proj,1024,88.214111328125,1024,1.8600246906280518,47.42631201220174,1.8600246906280518,0.001716222963295877,4194304
htlou/backup_0202_llamafactory_Compcap_cosi_0_80-llava-mistral,False,0.056188225746154785,1024,4096,14.270228385925293,-13.346733695654121,1.0250953435897827,-13.121285438537598,1.5191981206165326,-0.9352852200191825,model.language_model.layers.17.self_attn.v_proj,1024,33.05202865600586,1024,0.11606860905885696,284.76285641749683,0.11606860905885696,0.003794129006564617,4194304
htlou/backup_0202_llamafactory_Compcap_cosi_0_80-llava-mistral,False,0.05231615900993347,4096,4096,3.439268112182617,-1.1204330033850802,1.1363246440887451,0.1326400339603424,2.1365730109677834,-0.32577658002767185,model.language_model.layers.17.self_attn.o_proj,4028,136.95346069335938,4028,0.47230595350265503,289.9676781071732,0.47230595350265503,1.0226348422293086e-05,16777216
htlou/backup_0202_llamafactory_Compcap_cosi_0_80-llava-mistral,False,0.02085566520690918,14336,4096,4.814931869506836,4.061640188498279,1.184194803237915,4.062541961669922,2.797116123056172,0.8435509158957815,model.language_model.layers.17.mlp.gate_proj,4096,626.7814331054688,4096,6.975107669830322,89.85975023962834,6.975107669830322,0.005468164104968309,58720256
htlou/backup_0202_llamafactory_Compcap_cosi_0_80-llava-mistral,False,0.011540591716766357,14336,4096,6.0044779777526855,-0.6430657385023125,1.1937370300292969,0.07766225188970566,2.7179833990241624,-0.10709769290268839,model.language_model.layers.17.mlp.up_proj,4096,522.376220703125,4096,0.7814520001411438,668.4687231061854,0.7814520001411438,0.006209635175764561,58720256
htlou/backup_0202_llamafactory_Compcap_cosi_0_80-llava-mistral,False,0.011433720588684082,4096,14336,4.660033702850342,-0.07895124817559813,1.1911967992782593,0.8558307886123657,2.707050219275776,-0.016942205402357295,model.language_model.layers.17.mlp.down_proj,4096,509.3897705078125,4096,0.961740255355835,529.6542051464229,0.961740255355835,0.009021300822496414,58720256
htlou/backup_0202_llamafactory_Compcap_cosi_0_80-llava-mistral,False,0.0661625862121582,4096,4096,6.259269714355469,3.1511376258661055,1.1033800840377808,3.1542773246765137,2.373111996657509,0.5034353478392304,model.language_model.layers.18.self_attn.q_proj,4029,236.10870361328125,4029,3.1873910427093506,74.07585089170101,3.1873910427093506,1.0061102329927962e-05,16777216
htlou/backup_0202_llamafactory_Compcap_cosi_0_80-llava-mistral,False,0.06335443258285522,1024,4096,6.300694942474365,0.8505722990552201,0.9741389155387878,0.8580067157745361,1.9186872942189537,0.13499658479278626,model.language_model.layers.18.self_attn.k_proj,1024,82.92534637451172,1024,1.3645724058151245,60.77020612546861,1.3645724058151245,0.0020872983150184155,4194304
htlou/backup_0202_llamafactory_Compcap_cosi_0_80-llava-mistral,False,0.059424519538879395,1024,4096,10.538928985595703,-9.580582271340027,1.0323423147201538,-9.488940238952637,1.5049802885368082,-0.909066024112553,model.language_model.layers.18.self_attn.v_proj,1024,31.987499237060547,1024,0.1232917383313179,259.44560170853924,0.1232917383313179,0.004170518834143877,4194304
htlou/backup_0202_llamafactory_Compcap_cosi_0_80-llava-mistral,False,0.042612433433532715,4096,4096,5.160276889801025,-1.0943861004727204,1.1402162313461304,-0.9315138459205627,2.1124502154916946,-0.21207894921989714,model.language_model.layers.18.self_attn.o_proj,4026,129.55381774902344,4026,0.6136504411697388,211.11989669895505,0.6136504411697388,1.0100478903041221e-05,16777216
htlou/backup_0202_llamafactory_Compcap_cosi_0_80-llava-mistral,False,0.02375549077987671,14336,4096,4.615255832672119,4.183694488014894,1.1833397150039673,4.18471622467041,2.801228928125969,0.9064924328566719,model.language_model.layers.18.mlp.gate_proj,4096,632.7453002929688,4096,8.062921524047852,78.47593436272338,8.062921524047852,0.006081534083932638,58720256
htlou/backup_0202_llamafactory_Compcap_cosi_0_80-llava-mistral,False,0.010768711566925049,14336,4096,6.0043463706970215,-0.08290130602765022,1.1934986114501953,0.28088271617889404,2.718483341218097,-0.013806882699544618,model.language_model.layers.18.mlp.up_proj,4096,522.9779052734375,4096,0.9687085151672363,539.871279218756,0.9687085151672363,0.0065132370218634605,58720256
htlou/backup_0202_llamafactory_Compcap_cosi_0_80-llava-mistral,False,0.020099163055419922,4096,14336,5.587917327880859,-0.26723509427044273,1.1943514347076416,0.3375439941883087,2.704632277776839,-0.04782373800290062,model.language_model.layers.18.mlp.down_proj,4096,506.5616149902344,4096,0.8957282304763794,565.5304787265969,0.8957282304763794,0.010633285157382488,58720256
htlou/backup_0202_llamafactory_Compcap_cosi_0_80-llava-mistral,False,0.05118989944458008,4096,4096,2.74640154838562,1.414436944658903,1.1168044805526733,1.6961889266967773,2.3378348921246612,0.5150146181246993,model.language_model.layers.19.self_attn.q_proj,4033,217.68820190429688,4033,3.27351713180542,66.49979002377691,3.27351713180542,1.014636563922977e-05,16777216
htlou/backup_0202_llamafactory_Compcap_cosi_0_80-llava-mistral,False,0.06400465965270996,1024,4096,2.9571824073791504,0.530488945657126,0.9741079211235046,0.8840513229370117,1.9008212234566237,0.17938999783489182,model.language_model.layers.19.self_attn.k_proj,1024,79.58316802978516,1024,1.5114368200302124,52.653982604575134,1.5114368200302124,0.0016057697357609868,4194304
htlou/backup_0202_llamafactory_Compcap_cosi_0_80-llava-mistral,False,0.04653698205947876,1024,4096,5.8419952392578125,-5.283899478081649,1.033254861831665,-4.142697334289551,1.585573886874169,-0.9044682957928829,model.language_model.layers.19.self_attn.v_proj,1024,38.510032653808594,1024,0.12460391968488693,309.0595604953464,0.12460391968488693,0.004846509546041489,4194304
htlou/backup_0202_llamafactory_Compcap_cosi_0_80-llava-mistral,False,0.025216877460479736,4096,4096,3.626098394393921,-0.3008367560525592,1.1423574686050415,0.16242492198944092,2.1470738811354417,-0.08296431131534206,model.language_model.layers.19.self_attn.o_proj,4033,140.30523681640625,4033,0.8261058330535889,169.8393004898499,0.8261058330535889,1.035655805026181e-05,16777216
htlou/backup_0202_llamafactory_Compcap_cosi_0_80-llava-mistral,False,0.016943156719207764,14336,4096,4.733531475067139,4.355183094156276,1.1843727827072144,4.3558526039123535,2.811396699959065,0.9200705893889727,model.language_model.layers.19.mlp.gate_proj,4096,647.7340087890625,4096,8.318989753723145,77.86209960159773,8.318989753723145,0.004996601026505232,58720256
htlou/backup_0202_llamafactory_Compcap_cosi_0_80-llava-mistral,False,0.0148085355758667,14336,4096,6.474745750427246,-0.040730637573216114,1.1936453580856323,0.24947160482406616,2.716285808650652,-0.006290692969763089,model.language_model.layers.19.mlp.up_proj,4096,520.3383178710938,4096,0.9856195449829102,527.9301942821314,0.9856195449829102,0.005507624242454767,58720256
htlou/backup_0202_llamafactory_Compcap_cosi_0_80-llava-mistral,False,0.03073352575302124,4096,14336,6.635012626647949,-0.29023338926971975,1.1958543062210083,0.04113069921731949,2.703537746744037,-0.04374270338296967,model.language_model.layers.19.mlp.down_proj,4096,505.28656005859375,4096,0.9041849970817566,558.8309490750216,0.9041849970817566,0.007235418073832989,58720256
htlou/backup_0202_llamafactory_Compcap_cosi_0_80-llava-mistral,False,0.04364365339279175,4096,4096,5.0362019538879395,2.7609888682816384,1.1183662414550781,2.765244722366333,2.330983614481652,0.5482283859069947,model.language_model.layers.20.self_attn.q_proj,4038,214.28097534179688,4038,3.533689498901367,60.63944650723199,3.533689498901367,1.0057025974674616e-05,16777216
htlou/backup_0202_llamafactory_Compcap_cosi_0_80-llava-mistral,False,0.057770103216171265,1024,4096,5.438110828399658,0.9164063186154181,0.9798251986503601,0.9271496534347534,1.8788702555669214,0.1685155649696644,model.language_model.layers.20.self_attn.k_proj,1024,75.66068267822266,1024,1.474061369895935,51.32804116803095,1.474061369895935,0.0023948291782289743,4194304
htlou/backup_0202_llamafactory_Compcap_cosi_0_80-llava-mistral,False,0.10654155910015106,1024,4096,34.03862380981445,-34.23900466183457,1.0283066034317017,-33.464088439941406,1.6077930633545372,-1.0058868670231709,model.language_model.layers.20.self_attn.v_proj,1024,40.53153610229492,1024,0.098653644323349,410.8468205132698,0.098653644323349,0.004727325867861509,4194304
htlou/backup_0202_llamafactory_Compcap_cosi_0_80-llava-mistral,False,0.04769694805145264,4096,4096,4.5722246170043945,-1.0823541395292078,1.1460281610488892,-0.6438048481941223,2.1600450608451043,-0.23672374613965025,model.language_model.layers.20.self_attn.o_proj,4037,144.55897521972656,4037,0.5797973871231079,249.3267103824193,0.5797973871231079,1.0030659723270219e-05,16777216
htlou/backup_0202_llamafactory_Compcap_cosi_0_80-llava-mistral,False,0.013223230838775635,14336,4096,4.7242207527160645,4.391931518693158,1.185015082359314,4.392435550689697,2.8179150273908236,0.9296626361433544,model.language_model.layers.20.mlp.gate_proj,4096,657.5291748046875,4096,8.50477123260498,77.31297607205464,8.50477123260498,0.005378484260290861,58720256
htlou/backup_0202_llamafactory_Compcap_cosi_0_80-llava-mistral,False,0.01968938112258911,14336,4096,7.02937126159668,-0.10252098062591372,1.1938449144363403,0.03916068375110626,2.706381155883999,-0.014584658685765119,model.language_model.layers.20.mlp.up_proj,4096,508.6056213378906,4096,0.966975212097168,525.9758626437082,0.966975212097168,0.005261771846562624,58720256
htlou/backup_0202_llamafactory_Compcap_cosi_0_80-llava-mistral,False,0.03615307807922363,4096,14336,8.563858032226562,-0.9567065103616997,1.1962134838104248,-0.8247741460800171,2.698246231277799,-0.11171442902971157,model.language_model.layers.20.mlp.down_proj,4096,499.16741943359375,4096,0.7731888294219971,645.5957463932193,0.7731888294219971,0.006403726525604725,58720256
htlou/backup_0202_llamafactory_Compcap_cosi_0_80-llava-mistral,False,0.05027255415916443,4096,4096,4.627131462097168,2.591813413213372,1.1285874843597412,2.5950679779052734,2.3293698813592,0.5601339478776506,model.language_model.layers.21.self_attn.q_proj,4040,213.48623657226562,4040,3.6319005489349365,58.78085968925305,3.6319005489349365,1.0003132047131658e-05,16777216
htlou/backup_0202_llamafactory_Compcap_cosi_0_80-llava-mistral,False,0.05745232105255127,1024,4096,3.3080711364746094,0.47089221919647534,0.9888129830360413,0.664293110370636,1.8808548770754805,0.1423464610553394,model.language_model.layers.21.self_attn.k_proj,1024,76.0072250366211,1024,1.3878625631332397,54.76567136808353,1.3878625631332397,0.0016964281676337123,4194304
htlou/backup_0202_llamafactory_Compcap_cosi_0_80-llava-mistral,False,0.061337560415267944,1024,4096,4.634664535522461,-3.9823286660097,1.0222817659378052,-2.456913948059082,1.6188644224210096,-0.8592485249983204,model.language_model.layers.21.self_attn.v_proj,1024,41.57807922363281,1024,0.13827748596668243,300.6858197700451,0.13827748596668243,0.004271113779395819,4194304
htlou/backup_0202_llamafactory_Compcap_cosi_0_80-llava-mistral,False,0.03668320178985596,4096,4096,6.350874423980713,-1.8726765466822914,1.1542425155639648,-1.7721024751663208,2.166170511138209,-0.2948690875718028,model.language_model.layers.21.self_attn.o_proj,4043,146.61233520507812,4043,0.5071435570716858,289.0943464837396,0.5071435570716858,1.0189542081207037e-05,16777216
htlou/backup_0202_llamafactory_Compcap_cosi_0_80-llava-mistral,False,0.012481153011322021,14336,4096,4.814485549926758,4.647293444813826,1.1849875450134277,4.647604942321777,2.835226350181571,0.9652731110356172,model.language_model.layers.21.mlp.gate_proj,4096,684.2681884765625,4096,9.231517791748047,74.1230428097341,9.231517791748047,0.0057432944886386395,58720256
htlou/backup_0202_llamafactory_Compcap_cosi_0_80-llava-mistral,False,0.03388696908950806,14336,4096,8.456193923950195,-0.3125021827399057,1.1942672729492188,-0.27789193391799927,2.6912827870546057,-0.03695541818817757,model.language_model.layers.21.mlp.up_proj,4096,491.2276306152344,4096,0.9184268712997437,534.8576418719724,0.9184268712997437,0.00514621939510107,58720256
htlou/backup_0202_llamafactory_Compcap_cosi_0_80-llava-mistral,False,0.03976404666900635,4096,14336,8.646322250366211,-1.5997726143393107,1.1957130432128906,-1.2966580390930176,2.6871414943639746,-0.18502347796157528,model.language_model.layers.21.mlp.down_proj,4096,486.5657043457031,4096,0.6530952453613281,745.0149236295669,0.6530952453613281,0.00609787879511714,58720256
htlou/backup_0202_llamafactory_Compcap_cosi_0_80-llava-mistral,False,0.032528698444366455,4096,4096,4.401643753051758,2.306172332439875,1.1382497549057007,2.3095669746398926,2.3014494687636735,0.5239343440370325,model.language_model.layers.22.self_attn.q_proj,4043,200.19326782226562,4043,3.341445207595825,59.91218032460421,3.341445207595825,1.0049596312455833e-05,16777216
htlou/backup_0202_llamafactory_Compcap_cosi_0_80-llava-mistral,False,0.05923646688461304,1024,4096,5.751453876495361,0.12805413783763375,0.9950724244117737,0.14396286010742188,1.848785308288661,0.022264655265854853,model.language_model.layers.22.self_attn.k_proj,1024,70.59684753417969,1024,1.0526031255722046,67.06881807500106,1.0526031255722046,0.0019392917165532708,4194304
htlou/backup_0202_llamafactory_Compcap_cosi_0_80-llava-mistral,False,0.0699918270111084,1024,4096,24.060958862304688,-21.11357784845001,1.0242189168930054,-20.594499588012695,1.6410493559583275,-0.8775035928234673,model.language_model.layers.22.self_attn.v_proj,1024,43.75718307495117,1024,0.13258561491966248,330.0296423670467,0.13258561491966248,0.006884288042783737,4194304
htlou/backup_0202_llamafactory_Compcap_cosi_0_80-llava-mistral,False,0.02988874912261963,4096,4096,5.417036533355713,-1.19726972426916,1.1564005613327026,-1.0880959033966064,2.1757551940812943,-0.2210193187542493,model.language_model.layers.22.self_attn.o_proj,4047,149.88397216796875,4047,0.6011469960212708,249.3299861098621,0.6011469960212708,1.039586277329363e-05,16777216
htlou/backup_0202_llamafactory_Compcap_cosi_0_80-llava-mistral,False,0.016628026962280273,14336,4096,5.2188029289245605,4.7084102098361384,1.1868906021118164,4.708585739135742,2.8329462955937537,0.9022011894222649,model.language_model.layers.22.mlp.gate_proj,4096,680.6851806640625,4096,7.983644485473633,85.2599563899144,7.983644485473633,0.0056426553055644035,58720256
htlou/backup_0202_llamafactory_Compcap_cosi_0_80-llava-mistral,False,0.037232279777526855,14336,4096,8.695316314697266,-0.25988016222741595,1.1945180892944336,-0.23669500648975372,2.6932229655512683,-0.029887373020364226,model.language_model.layers.22.mlp.up_proj,4096,493.42706298828125,4096,0.933496356010437,528.5795277199394,0.933496356010437,0.0056452942080795765,58720256
htlou/backup_0202_llamafactory_Compcap_cosi_0_80-llava-mistral,False,0.029995203018188477,4096,14336,7.325996398925781,-0.9539695928035661,1.1948633193969727,-0.6435796022415161,2.6896304857526876,-0.1302170436424795,model.language_model.layers.22.mlp.down_proj,4096,489.3622741699219,4096,0.7409398555755615,660.4615347487086,0.7409398555755615,0.006263908464461565,58720256
htlou/backup_0202_llamafactory_Compcap_cosi_0_80-llava-mistral,False,0.020869694650173187,4096,4096,4.248017311096191,2.4683673228648724,1.1351042985916138,2.4721953868865967,2.31007744146477,0.5810633860689037,model.language_model.layers.23.self_attn.q_proj,4041,204.210205078125,4041,3.8112144470214844,53.581399818033866,3.8112144470214844,1.0005664080381393e-05,16777216
htlou/backup_0202_llamafactory_Compcap_cosi_0_80-llava-mistral,False,0.02989649772644043,1024,4096,4.955247402191162,0.6412120417481657,0.9953593015670776,0.6554774641990662,1.8652297301722407,0.1294006110501421,model.language_model.layers.23.self_attn.k_proj,1024,73.32122802734375,1024,1.347102403640747,54.428845074570496,1.347102403640747,0.001975364051759243,4194304
htlou/backup_0202_llamafactory_Compcap_cosi_0_80-llava-mistral,False,0.05819225311279297,1024,4096,16.433950424194336,-13.932648783068553,1.0282360315322876,-13.456210136413574,1.6713836554377546,-0.8477966905970871,model.language_model.layers.23.self_attn.v_proj,1024,46.92277145385742,1024,0.14197219908237457,330.50675947219827,0.14197219908237457,0.007550606969743967,4194304
htlou/backup_0202_llamafactory_Compcap_cosi_0_80-llava-mistral,False,0.061095625162124634,4096,4096,4.324202060699463,-0.3159870830736332,1.1517592668533325,-0.17631861567497253,2.184333175592601,-0.07307407901806527,model.language_model.layers.23.self_attn.o_proj,4043,152.87384033203125,4043,0.8451346755027771,180.8869577397063,0.8451346755027771,1.0204915270151105e-05,16777216
htlou/backup_0202_llamafactory_Compcap_cosi_0_80-llava-mistral,False,0.028133541345596313,14336,4096,5.291177272796631,4.780633581368327,1.1877431869506836,4.780786037445068,2.835249669875885,0.9035103786725978,model.language_model.layers.23.mlp.gate_proj,4096,684.304931640625,4096,8.007747650146484,85.4553566792414,8.007747650146484,0.00604142714291811,58720256
htlou/backup_0202_llamafactory_Compcap_cosi_0_80-llava-mistral,False,0.043874382972717285,14336,4096,9.598578453063965,-0.6619815123681043,1.1950600147247314,-0.64423006772995,2.692579237425749,-0.06896661996410448,model.language_model.layers.23.mlp.up_proj,4096,492.69622802734375,4096,0.8531656861305237,577.4918471720713,0.8531656861305237,0.005708871874958277,58720256
htlou/backup_0202_llamafactory_Compcap_cosi_0_80-llava-mistral,False,0.03419780731201172,4096,14336,5.936750411987305,-0.566507773655637,1.1937185525894165,0.09463779628276825,2.6905425373757774,-0.09542388248489643,model.language_model.layers.23.mlp.down_proj,4096,490.39105224609375,4096,0.8027422428131104,610.8947880051501,0.8027422428131104,0.005391423590481281,58720256
htlou/backup_0202_llamafactory_Compcap_cosi_0_80-llava-mistral,False,0.03393298387527466,4096,4096,3.438854455947876,1.9199475758435887,1.1378265619277954,1.9413971900939941,2.3037539333394483,0.5583102165091136,model.language_model.layers.24.self_attn.q_proj,4045,201.25836181640625,4045,3.6166810989379883,55.647251253505395,3.6166810989379883,1.0052396646642592e-05,16777216
htlou/backup_0202_llamafactory_Compcap_cosi_0_80-llava-mistral,False,0.03587234020233154,1024,4096,5.361334323883057,0.3009833133386899,1.0009609460830688,0.31464657187461853,1.8499812790649286,0.056139627778462535,model.language_model.layers.24.self_attn.k_proj,1024,70.7915267944336,1024,1.1379930973052979,62.207342875860896,1.1379930973052979,0.002299515763297677,4194304
htlou/backup_0202_llamafactory_Compcap_cosi_0_80-llava-mistral,False,0.028154104948043823,1024,4096,8.181124687194824,-6.366551625703258,1.031143069267273,-5.737452507019043,1.6776213128871507,-0.7782000481753134,model.language_model.layers.24.self_attn.v_proj,1024,47.6015739440918,1024,0.16664794087409973,285.6415368495561,0.16664794087409973,0.008231067098677158,4194304
htlou/backup_0202_llamafactory_Compcap_cosi_0_80-llava-mistral,False,0.021575361490249634,4096,4096,5.557236194610596,-2.376353628187932,1.1568851470947266,-1.5714107751846313,2.1894451959449386,-0.42761429332309436,model.language_model.layers.24.self_attn.o_proj,4049,154.68392944335938,4049,0.37358179688453674,414.05638800749085,0.37358179688453674,1.0084469067805912e-05,16777216
htlou/backup_0202_llamafactory_Compcap_cosi_0_80-llava-mistral,False,0.032357484102249146,14336,4096,5.485857009887695,5.195328148421893,1.1879547834396362,5.195398807525635,2.8421302839454845,0.9470403875015055,model.language_model.layers.24.mlp.gate_proj,4096,695.2328491210938,4096,8.85197925567627,78.53981906648511,8.85197925567627,0.006249616853892803,58720256
htlou/backup_0202_llamafactory_Compcap_cosi_0_80-llava-mistral,False,0.05392861366271973,14336,4096,9.860580444335938,-0.7290817116747887,1.1955057382583618,-0.7015047073364258,2.690639065757211,-0.07393902577952031,model.language_model.layers.24.mlp.up_proj,4096,490.50006103515625,4096,0.8434531688690186,581.5379906543773,0.8434531688690186,0.0059903874062001705,58720256
htlou/backup_0202_llamafactory_Compcap_cosi_0_80-llava-mistral,False,0.03347671031951904,4096,14336,4.407021999359131,0.3531524289126368,1.1915639638900757,0.9578559994697571,2.6895836017804355,0.08013402904818542,model.language_model.layers.24.mlp.down_proj,4096,489.3094482421875,4096,1.2026355266571045,406.8642888026868,1.2026355266571045,0.005545087158679962,58720256
htlou/backup_0202_llamafactory_Compcap_cosi_0_80-llava-mistral,False,0.0291212797164917,4096,4096,4.433662414550781,2.2502613791602832,1.1400902271270752,2.2532339096069336,2.282393305024106,0.507540080583307,model.language_model.layers.25.self_attn.q_proj,4047,191.59902954101562,4047,3.2176594734191895,59.546086565032404,3.2176594734191895,1.0108994501933921e-05,16777216
htlou/backup_0202_llamafactory_Compcap_cosi_0_80-llava-mistral,False,0.05886301398277283,1024,4096,4.113204002380371,0.07573169915528588,0.997422456741333,0.16554929316043854,1.8159437505243128,0.018411850983189464,model.language_model.layers.25.self_attn.k_proj,1024,65.45513916015625,1024,1.0433063507080078,62.73817763664252,1.0433063507080078,0.0018486307235434651,4194304
htlou/backup_0202_llamafactory_Compcap_cosi_0_80-llava-mistral,False,0.038831889629364014,1024,4096,7.3011345863342285,-5.7651037319374945,1.0279417037963867,-4.636258125305176,1.7039362255674813,-0.7896175126984,model.language_model.layers.25.self_attn.v_proj,1024,50.57503890991211,1024,0.16232390701770782,311.5686397592371,0.16232390701770782,0.008411075919866562,4194304
htlou/backup_0202_llamafactory_Compcap_cosi_0_80-llava-mistral,False,0.024075329303741455,4096,4096,6.199600696563721,-2.180033334308093,1.1550341844558716,-1.6761424541473389,2.215102297453049,-0.35164092673201186,model.language_model.layers.25.self_attn.o_proj,4050,164.09762573242188,4050,0.4449990391731262,368.7595057223931,0.4449990391731262,1.0355132872064132e-05,16777216
htlou/backup_0202_llamafactory_Compcap_cosi_0_80-llava-mistral,False,0.03777724504470825,14336,4096,5.750101089477539,5.4806635709095595,1.1884883642196655,5.480718612670898,2.8413979309739643,0.9531421249165446,model.language_model.layers.25.mlp.gate_proj,4096,694.0614624023438,4096,8.977225303649902,77.3135839779087,8.977225303649902,0.004901281092315912,58720256
htlou/backup_0202_llamafactory_Compcap_cosi_0_80-llava-mistral,False,0.05911993980407715,14336,4096,10.243943214416504,-0.2543810742992994,1.195784330368042,-0.24024951457977295,2.6952731759311086,-0.024832339361399808,model.language_model.layers.25.mlp.up_proj,4096,495.7619323730469,4096,0.9444254040718079,524.9349818795772,0.9444254040718079,0.00511936703696847,58720256
htlou/backup_0202_llamafactory_Compcap_cosi_0_80-llava-mistral,False,0.0322650671005249,4096,14336,4.408349990844727,0.3973796390177797,1.1891909837722778,1.1661384105682373,2.6950606969396502,0.09014248865064226,model.language_model.layers.25.mlp.down_proj,4096,495.5194396972656,4096,1.2306724786758423,402.64119681170257,1.2306724786758423,0.00521368021145463,58720256
htlou/backup_0202_llamafactory_Compcap_cosi_0_80-llava-mistral,False,0.03383404016494751,4096,4096,4.269702911376953,2.3453039251385492,1.1381219625473022,2.34796404838562,2.2708758190777925,0.5492897219826012,model.language_model.layers.26.self_attn.q_proj,4042,186.58460998535156,4042,3.5423357486724854,52.67276261299495,3.5423357486724854,1.0592673788778484e-05,16777216
htlou/backup_0202_llamafactory_Compcap_cosi_0_80-llava-mistral,False,0.04283986985683441,1024,4096,4.891876220703125,0.35276536256627833,0.9944021701812744,0.3675416111946106,1.7858690418029242,0.07211248744874707,model.language_model.layers.26.self_attn.k_proj,1024,61.075782775878906,1024,1.180626392364502,51.73167665137424,1.180626392364502,0.002394803799688816,4194304
htlou/backup_0202_llamafactory_Compcap_cosi_0_80-llava-mistral,False,0.04744464159011841,1024,4096,9.39883041381836,-6.086138620927832,1.025504231452942,-5.742948055267334,1.7290775753588927,-0.647542125239313,model.language_model.layers.26.self_attn.v_proj,1024,53.589237213134766,1024,0.225142702460289,238.02342526552425,0.225142702460289,0.008399923332035542,4194304
htlou/backup_0202_llamafactory_Compcap_cosi_0_80-llava-mistral,False,0.026164472103118896,4096,4096,4.984123706817627,-0.1690464131508879,1.1516411304473877,-0.07007657736539841,2.220460642779377,-0.033916977806882,model.language_model.layers.26.self_attn.o_proj,4049,166.1348114013672,4049,0.9248749613761902,179.629483270001,0.9248749613761902,1.001355212792987e-05,16777216
htlou/backup_0202_llamafactory_Compcap_cosi_0_80-llava-mistral,False,0.03977459669113159,14336,4096,5.584819793701172,5.247476341516897,1.188752293586731,5.24760627746582,2.836616060788401,0.9395963585853304,model.language_model.layers.26.mlp.gate_proj,4096,686.4613037109375,4096,8.701544761657715,78.889590585771,8.701544761657715,0.003013031557202339,58720256
htlou/backup_0202_llamafactory_Compcap_cosi_0_80-llava-mistral,False,0.06059765815734863,14336,4096,9.929996490478516,0.15803693243613012,1.1959134340286255,0.1714339703321457,2.7046442083408704,0.015915104560980012,model.language_model.layers.26.mlp.up_proj,4096,506.5755310058594,4096,1.0373256206512451,488.3476518085279,1.0373256206512451,0.003057735739275813,58720256
htlou/backup_0202_llamafactory_Compcap_cosi_0_80-llava-mistral,False,0.03010457754135132,4096,14336,3.9054763317108154,-0.0031578730843223493,1.1865947246551514,1.3269767761230469,2.7053853273245267,-0.0008085756553385706,model.language_model.layers.26.mlp.down_proj,4096,507.44073486328125,4096,0.9981399178504944,508.3863752850007,0.9981399178504944,0.005279595497995615,58720256
htlou/backup_0202_llamafactory_Compcap_cosi_0_80-llava-mistral,False,0.028853893280029297,4096,4096,4.232206344604492,2.3338225770701175,1.1432948112487793,2.335871458053589,2.2813528630709707,0.5514434758232984,model.language_model.layers.27.self_attn.q_proj,4047,191.14056396484375,4047,3.5599465370178223,53.691975982583934,3.5599465370178223,1.0096963706018869e-05,16777216
htlou/backup_0202_llamafactory_Compcap_cosi_0_80-llava-mistral,False,0.03397631645202637,1024,4096,5.011392593383789,0.5952476781595671,1.006394624710083,0.5994683504104614,1.8250643256640862,0.11877889569965709,model.language_model.layers.27.self_attn.k_proj,1024,66.84429168701172,1024,1.3145554065704346,50.84935283283563,1.3145554065704346,0.0013408013619482517,4194304
htlou/backup_0202_llamafactory_Compcap_cosi_0_80-llava-mistral,False,0.030436992645263672,1024,4096,6.967525482177734,-4.027458224178617,1.0284315347671509,-3.8053948879241943,1.7063950579931224,-0.57803279435152,model.language_model.layers.27.self_attn.v_proj,1024,50.86219024658203,1024,0.2642209231853485,192.4987227862446,0.2642209231853485,0.006620557513087988,4194304
htlou/backup_0202_llamafactory_Compcap_cosi_0_80-llava-mistral,False,0.012120604515075684,4096,4096,4.28287410736084,0.1420455418223687,1.1480785608291626,0.3543735146522522,2.2089439156055035,0.033165939101090905,model.language_model.layers.27.self_attn.o_proj,4045,161.787109375,4045,1.0793590545654297,149.8918350577404,1.0793590545654297,1.0165372259507421e-05,16777216
htlou/backup_0202_llamafactory_Compcap_cosi_0_80-llava-mistral,False,0.028528571128845215,14336,4096,5.592251777648926,5.3155542065264125,1.1892036199569702,5.315695285797119,2.837606430416793,0.9505212601069901,model.language_model.layers.27.mlp.gate_proj,4096,688.0285034179688,4096,8.923213005065918,77.10546672228476,8.923213005065918,0.006662675645202398,58720256
htlou/backup_0202_llamafactory_Compcap_cosi_0_80-llava-mistral,False,0.06913512945175171,14336,4096,8.953044891357422,1.400111900879709,1.1961618661880493,1.4011541604995728,2.711481917545726,0.15638388033006165,model.language_model.layers.27.mlp.up_proj,4096,514.6143798828125,4096,1.4334543943405151,359.00296648054126,1.4334543943405151,0.0070346021093428135,58720256
htlou/backup_0202_llamafactory_Compcap_cosi_0_80-llava-mistral,False,0.040606141090393066,4096,14336,3.6277687549591064,0.1401743435231032,1.1849836111068726,1.5583521127700806,2.71226877570287,0.03863927195786306,model.language_model.layers.27.mlp.down_proj,4096,515.547607421875,4096,1.093048095703125,471.6604964123182,1.093048095703125,0.005848813336342573,58720256
htlou/backup_0202_llamafactory_Compcap_cosi_0_80-llava-mistral,False,0.03308463096618652,4096,4096,3.285719394683838,1.9416457480237523,1.1309736967086792,1.9632506370544434,2.252277339001166,0.5909347435953469,model.language_model.layers.28.self_attn.q_proj,4038,178.76287841796875,4038,3.898833990097046,45.850343685323,3.898833990097046,1.0062639375973959e-05,16777216
htlou/backup_0202_llamafactory_Compcap_cosi_0_80-llava-mistral,False,0.04277604818344116,1024,4096,5.080202579498291,0.31900502629194916,0.987659752368927,0.32642441987991333,1.7347356863828887,0.0627937609376698,model.language_model.layers.28.self_attn.k_proj,1024,54.2919807434082,1024,1.1555633544921875,46.983127781225654,1.1555633544921875,0.001622439012862742,4194304
htlou/backup_0202_llamafactory_Compcap_cosi_0_80-llava-mistral,False,0.06214326620101929,1024,4096,3.212757110595703,-1.3859133036202036,1.0177804231643677,-0.16201737523078918,1.8321825660127804,-0.43137817641098625,model.language_model.layers.28.self_attn.v_proj,1024,67.94892120361328,1024,0.37035807967185974,183.46817562024452,0.37035807967185974,0.006573257967829704,4194304
htlou/backup_0202_llamafactory_Compcap_cosi_0_80-llava-mistral,False,0.020721733570098877,4096,4096,5.702810287475586,-0.5346414772039559,1.1462244987487793,-0.44287818670272827,2.26186826397446,-0.09375052829271321,model.language_model.layers.28.self_attn.o_proj,4044,182.75457763671875,4044,0.8058412075042725,226.78733221240714,0.8058412075042725,1.0081756045110524e-05,16777216
htlou/backup_0202_llamafactory_Compcap_cosi_0_80-llava-mistral,False,0.03107607364654541,14336,4096,4.84300422668457,4.616237570937667,1.1881738901138306,4.618200778961182,2.8331107164648706,0.9531764489286552,model.language_model.layers.28.mlp.gate_proj,4096,680.9429321289062,4096,8.977934837341309,75.8462769518784,8.977934837341309,0.00749138044193387,58720256
htlou/backup_0202_llamafactory_Compcap_cosi_0_80-llava-mistral,False,0.053539395332336426,14336,4096,7.395054817199707,2.721025925755291,1.1953037977218628,2.7215261459350586,2.724148516191142,0.3679520967750804,model.language_model.layers.28.mlp.up_proj,4096,529.8446044921875,4096,2.333200693130493,227.08916813379068,2.333200693130493,0.0070105488412082195,58720256
htlou/backup_0202_llamafactory_Compcap_cosi_0_80-llava-mistral,False,0.0250360369682312,4096,14336,4.351606369018555,-0.5571183331667291,1.1903764009475708,0.9844926595687866,2.721942024923493,-0.12802590260303795,model.language_model.layers.28.mlp.down_proj,4096,527.1594848632812,4096,0.744687557220459,707.8935048020679,0.744687557220459,0.005572884809225798,58720256
htlou/backup_0202_llamafactory_Compcap_cosi_0_80-llava-mistral,False,0.022997289896011353,4096,4096,3.1677253246307373,1.8352285446374614,1.1268788576126099,1.8681775331497192,2.2195673873041617,0.5793521712149694,model.language_model.layers.29.self_attn.q_proj,4029,165.79345703125,4029,3.796226978302002,43.673220273411324,3.796226978302002,1.0197501069342252e-05,16777216
htlou/backup_0202_llamafactory_Compcap_cosi_0_80-llava-mistral,False,0.03137892484664917,1024,4096,3.881788492202759,0.13589467561221896,0.9859007000923157,0.1949857771396637,1.6876008432041265,0.035008263815812436,model.language_model.layers.29.self_attn.k_proj,1024,48.70806121826172,1024,1.0839475393295288,44.935810499085484,1.0839475393295288,0.0013203667476773262,4194304
htlou/backup_0202_llamafactory_Compcap_cosi_0_80-llava-mistral,False,0.08633890748023987,1024,4096,7.105626106262207,-4.598130704761465,1.0279467105865479,-3.054871082305908,1.9323046862348372,-0.647111265917738,model.language_model.layers.29.self_attn.v_proj,1024,85.56668090820312,1024,0.22536617517471313,379.67845370703174,0.22536617517471313,0.00644078990444541,4194304
htlou/backup_0202_llamafactory_Compcap_cosi_0_80-llava-mistral,False,0.04657936096191406,4096,4096,6.192676067352295,-0.5814741110938136,1.1463301181793213,-0.33938100934028625,2.303233376944008,-0.09389706562552777,model.language_model.layers.29.self_attn.o_proj,4044,201.01727294921875,4044,0.8055693507194519,249.53441037657495,0.8055693507194519,1.0254208063997794e-05,16777216
htlou/backup_0202_llamafactory_Compcap_cosi_0_80-llava-mistral,False,0.034106671810150146,14336,4096,4.333845138549805,3.8785851059940883,1.1869088411331177,3.8881757259368896,2.827843067951689,0.8949523995432712,model.language_model.layers.29.mlp.gate_proj,4096,672.7335205078125,4096,7.851495742797852,85.682211714234,7.851495742797852,0.00817515142261982,58720256
htlou/backup_0202_llamafactory_Compcap_cosi_0_80-llava-mistral,False,0.044445931911468506,14336,4096,6.017969131469727,3.121818729610765,1.1929833889007568,3.1569323539733887,2.736521967926775,0.5187495418156698,model.language_model.layers.29.mlp.up_proj,4096,545.157470703125,4096,3.301790714263916,165.10963833898222,3.301790714263916,0.008012263104319572,58720256
htlou/backup_0202_llamafactory_Compcap_cosi_0_80-llava-mistral,False,0.028737425804138184,4096,14336,8.211507797241211,-0.3046819293837867,1.1942498683929443,-0.2355223298072815,2.725778876546333,-0.037104261106121035,model.language_model.layers.29.mlp.down_proj,4096,531.83740234375,4096,0.9181121587753296,579.2728015422084,0.9181121587753296,0.0059890528209507465,58720256
htlou/backup_0202_llamafactory_Compcap_cosi_0_80-llava-mistral,False,0.030168652534484863,4096,4096,3.9525094032287598,2.486939889127777,1.1182186603546143,2.492506742477417,2.2185629330848786,0.6292053061521433,model.language_model.layers.30.self_attn.q_proj,4029,165.4104461669922,4029,4.257996559143066,38.84701264302607,4.257996559143066,1.0576863132882863e-05,16777216
htlou/backup_0202_llamafactory_Compcap_cosi_0_80-llava-mistral,False,0.03672748804092407,1024,4096,4.443438529968262,0.20457474165868772,0.9752501845359802,0.22761128842830658,1.6638411869418255,0.04603973708175703,model.language_model.layers.30.self_attn.k_proj,1024,46.114891052246094,1024,1.1118334531784058,41.476437788786754,1.1118334531784058,0.001440744730643928,4194304
htlou/backup_0202_llamafactory_Compcap_cosi_0_80-llava-mistral,False,0.042691826820373535,1024,4096,10.779876708984375,-3.171025231598709,1.0139926671981812,-3.080075740814209,1.9536417052589505,-0.29416154907929987,model.language_model.layers.30.self_attn.v_proj,1024,89.87557983398438,1024,0.5079704523086548,176.93072387480888,0.5079704523086548,0.0066097755916416645,4194304
htlou/backup_0202_llamafactory_Compcap_cosi_0_80-llava-mistral,False,0.01970764994621277,4096,4096,4.8262128829956055,1.280224167408746,1.1406269073486328,1.3008307218551636,2.3170956357629757,0.2652647528084417,model.language_model.layers.30.self_attn.o_proj,4044,207.53704833984375,4044,1.841894507408142,112.67586037372116,1.841894507408142,1.007865557767218e-05,16777216
htlou/backup_0202_llamafactory_Compcap_cosi_0_80-llava-mistral,False,0.023196101188659668,14336,4096,3.6692590713500977,3.173320723663296,1.1864261627197266,3.2318129539489746,2.83339366426297,0.8648396479934783,model.language_model.layers.30.mlp.gate_proj,4096,681.38671875,4096,7.325540065765381,93.01521971524538,7.325540065765381,0.008255312219262123,58720256
htlou/backup_0202_llamafactory_Compcap_cosi_0_80-llava-mistral,False,0.04538005590438843,14336,4096,5.187875270843506,4.3551326952292,1.1892904043197632,4.3554768562316895,2.749374496828607,0.839482922749816,model.language_model.layers.30.mlp.up_proj,4096,561.531982421875,4096,6.9100775718688965,81.26276103004778,6.9100775718688965,0.008186647668480873,58720256
htlou/backup_0202_llamafactory_Compcap_cosi_0_80-llava-mistral,False,0.025017917156219482,4096,14336,6.9488725662231445,0.667055043987475,1.193552017211914,0.7090874910354614,2.7264260262294693,0.09599471534848324,model.language_model.layers.30.mlp.down_proj,4096,532.6304931640625,4096,1.247368335723877,427.0033781601203,1.247368335723877,0.008032683283090591,58720256
htlou/backup_0202_llamafactory_Compcap_cosi_0_80-llava-mistral,False,0.035288333892822266,4096,4096,3.7103874683380127,2.487491918356327,1.1074544191360474,2.4972712993621826,2.2089556300214612,0.6704129796639662,model.language_model.layers.31.self_attn.q_proj,4025,161.79147338867188,4025,4.6818013191223145,34.55752655027286,4.6818013191223145,1.011174390441738e-05,16777216
htlou/backup_0202_llamafactory_Compcap_cosi_0_80-llava-mistral,False,0.03947192430496216,1024,4096,3.8053293228149414,0.2837405285733735,0.9713121056556702,0.3399278521537781,1.6569124332298446,0.07456398763497302,model.language_model.layers.31.self_attn.k_proj,1024,45.385009765625,1024,1.1873096227645874,38.22508374854102,1.1873096227645874,0.0010209465399384499,4194304
htlou/backup_0202_llamafactory_Compcap_cosi_0_80-llava-mistral,False,0.04629790782928467,1024,4096,2.791038990020752,-0.7185434318259624,1.0093599557876587,0.6854979395866394,1.975589596044891,-0.2574465761299235,model.language_model.layers.31.self_attn.v_proj,1024,94.53433990478516,1024,0.5527814030647278,171.01577473603191,0.5527814030647278,1.3663185200130101e-05,4194304
htlou/backup_0202_llamafactory_Compcap_cosi_0_80-llava-mistral,False,0.06124621629714966,4096,4096,4.387026786804199,4.124737027046939,1.1189473867416382,4.125271797180176,2.346235168456428,0.9402124097928451,model.language_model.layers.31.self_attn.o_proj,4036,221.93978881835938,4036,8.713896751403809,25.469637195621452,8.713896751403809,1.0031098099716473e-05,16777216
htlou/backup_0202_llamafactory_Compcap_cosi_0_80-llava-mistral,False,0.025260627269744873,14336,4096,3.5032169818878174,3.078861870515559,1.1864404678344727,3.2342522144317627,2.871125003185432,0.8788670203512254,model.language_model.layers.31.mlp.gate_proj,4096,743.2330322265625,4096,7.566011905670166,98.23313014741153,7.566011905670166,0.008494453504681587,58720256
htlou/backup_0202_llamafactory_Compcap_cosi_0_80-llava-mistral,False,0.028327345848083496,14336,4096,4.162599086761475,5.406428889702292,1.173593282699585,5.406656265258789,2.7691929534933672,1.29881085759535,model.language_model.layers.31.mlp.up_proj,4096,587.7504272460938,4096,19.8980655670166,29.538068676402375,19.8980655670166,0.009784873574972153,58720256
htlou/backup_0202_llamafactory_Compcap_cosi_0_80-llava-mistral,False,0.03226512670516968,4096,14336,5.777864456176758,2.8152032242525182,1.1914467811584473,2.8169193267822266,2.687716049991368,0.4872394023094395,model.language_model.layers.31.mlp.down_proj,4096,487.2098388671875,4096,3.070714235305786,158.66336022592165,3.070714235305786,0.014429346658289433,58720256
htlou/backup_0202_llamafactory_Compcap_cosi_0_80-llava-mistral,False,0.021091043949127197,32064,4096,4.76947021484375,11.596923807897907,1.1303375959396362,11.596923828125,3.3658875574943643,2.431490980236225,lm_head,4096,2322.135498046875,4096,270.0791015625,8.597982904314057,270.0791015625,0.0005580298020504415,131334144
