model_id,is_adapter,D,M,N,alpha,alpha_weighted,entropy,log_alpha_norm,log_norm,log_spectral_norm,longname,matrix_rank,norm,num_evals,spectral_norm,stable_rank,xmax,xmin,params
Qwen/Qwen2.5-0.5B-Instruct,False,0.05246362090110779,896,896,1.9670912027359009,6.082577669224499,0.5493216514587402,6.155880928039551,3.5534721627778874,3.092168609551317,model.layers.0.self_attn.q_proj,879,3576.61474609375,882,1236.4273681640625,2.8927010499650847,1236.4273681640625,1.0646226655808277e-05,803712
Qwen/Qwen2.5-0.5B-Instruct,False,0.08373701572418213,128,896,1.8856281042099,4.132273892329912,0.6145103573799133,4.50644063949585,2.872161040465786,2.1914575218220893,model.layers.0.self_attn.k_proj,128,745.0081787109375,128,155.40232849121094,4.794060590624115,155.40232849121094,0.0074103525839746,114816
Qwen/Qwen2.5-0.5B-Instruct,False,0.1343906819820404,128,896,2.4853224754333496,-0.9879450926149216,0.9392188787460327,0.17018528282642365,1.178808841798768,-0.39751183292327485,model.layers.0.self_attn.v_proj,128,15.094156265258789,128,0.4003945589065552,37.698205256534195,0.4003945589065552,0.0006133017013780773,114816
Qwen/Qwen2.5-0.5B-Instruct,False,0.030966848134994507,896,896,3.994114875793457,3.4666249887132277,0.8169927000999451,3.5642619132995605,2.141180359154705,0.8679332208802732,model.layers.0.self_attn.o_proj,868,138.4141082763672,868,7.377907752990723,18.760617902854555,7.377907752990723,1.0488432963029481e-05,802816
Qwen/Qwen2.5-0.5B-Instruct,False,0.07739657163619995,4864,896,2.9613170623779297,4.616853257713068,0.9956989884376526,5.3232598304748535,3.364606868774795,1.5590540156499644,model.layers.0.mlp.gate_proj,896,2315.2978515625,896,36.22880554199219,63.90765074710724,36.22880554199219,0.19902034103870392,4358144
Qwen/Qwen2.5-0.5B-Instruct,False,0.030841559171676636,4864,896,9.309036254882812,6.561376780754967,1.0295522212982178,7.083735466003418,3.162194898266029,0.7048395345236053,model.layers.0.mlp.up_proj,896,1452.763427734375,896,5.0680341720581055,286.6522557689098,5.0680341720581055,0.11518309265375137,4358144
Qwen/Qwen2.5-0.5B-Instruct,False,0.02374577522277832,896,4864,6.123725891113281,7.0335919763609365,1.0278494358062744,7.044273853302002,3.157531136963081,1.1485804723180129,model.layers.0.mlp.down_proj,896,1437.24609375,896,14.079280853271484,102.08235127407372,14.079280853271484,0.03863885998725891,4358144
Qwen/Qwen2.5-0.5B-Instruct,False,0.046449631452560425,896,896,2.8830480575561523,3.5120947601133636,0.9043182134628296,4.145511627197266,2.8211811212837934,1.2181880738715225,model.layers.1.self_attn.q_proj,891,662.4927368164062,891,16.52677345275879,40.08603002335083,16.52677345275879,1.3330247384146787e-05,803712
Qwen/Qwen2.5-0.5B-Instruct,False,0.08749896287918091,128,896,4.640442848205566,3.5291508993651473,0.9374701380729675,4.109688758850098,2.275796440082909,0.7605202811041731,model.layers.1.self_attn.k_proj,128,188.71066284179688,128,5.761297225952148,32.754891032480856,5.761297225952148,0.015519198961555958,114816
Qwen/Qwen2.5-0.5B-Instruct,False,0.12207704782485962,128,896,7.731449604034424,-5.085655834609275,0.9910303950309753,-4.15158748626709,1.1830202889752113,-0.657788137421924,model.layers.1.self_attn.v_proj,128,15.241239547729492,128,0.21989323198795319,69.31199932776686,0.21989323198795319,0.009016519412398338,114816
Qwen/Qwen2.5-0.5B-Instruct,False,0.05012136697769165,896,896,5.869425296783447,3.2774231813109065,0.9203555583953857,3.311704635620117,2.2491585573860036,0.5583891123219499,model.layers.1.self_attn.o_proj,885,177.48373413085938,885,3.617338180541992,49.06473358934515,3.617338180541992,1.1772507605201099e-05,802816
Qwen/Qwen2.5-0.5B-Instruct,False,0.035436153411865234,4864,896,3.580507755279541,5.3669044725683115,1.0179945230484009,5.555028438568115,3.3731351006052606,1.498922733697389,model.layers.1.mlp.gate_proj,896,2361.212646484375,896,31.54443359375,74.85354395306719,31.54443359375,0.15188273787498474,4358144
Qwen/Qwen2.5-0.5B-Instruct,False,0.04030245542526245,4864,896,13.188429832458496,8.265518045645587,1.0312328338623047,8.39256763458252,3.1027885816770966,0.6267249513890606,model.layers.1.mlp.up_proj,896,1267.034912109375,896,4.233747482299805,299.2703077844198,4.233747482299805,0.09586142003536224,4358144
Qwen/Qwen2.5-0.5B-Instruct,False,0.03333401679992676,896,4864,5.623246192932129,6.141781862526855,1.0247697830200195,6.183886528015137,3.100184197173603,1.0922128698982583,model.layers.1.mlp.down_proj,896,1259.45947265625,896,12.365533828735352,101.85241414563802,12.365533828735352,0.10293323546648026,4358144
Qwen/Qwen2.5-0.5B-Instruct,False,0.04367572069168091,896,896,5.448335647583008,4.630054852636925,0.9210557341575623,5.20963716506958,2.7221080783690126,0.8498108692497517,model.layers.2.self_attn.q_proj,890,527.361083984375,890,7.076375484466553,74.52418051331398,7.076375484466553,1.1621924386417959e-05,803712
Qwen/Qwen2.5-0.5B-Instruct,False,0.07381057739257812,128,896,10.013136863708496,6.183795374250971,0.946648359298706,6.315528392791748,2.1942809647383488,0.6175682464366837,model.layers.2.self_attn.k_proj,128,156.41592407226562,128,4.145417213439941,37.7322513075756,4.145417213439941,0.019332749769091606,114816
Qwen/Qwen2.5-0.5B-Instruct,False,0.1099318265914917,128,896,7.515434741973877,-4.879811097277074,0.9921562075614929,-4.056429862976074,1.1554176831851621,-0.6493052318082433,model.layers.2.self_attn.v_proj,128,14.302688598632812,128,0.2242305427789688,63.78563964290729,0.2242305427789688,0.03645314648747444,114816
Qwen/Qwen2.5-0.5B-Instruct,False,0.031860530376434326,896,896,4.183895111083984,3.2574195279363347,0.9209930300712585,3.3114125728607178,2.2632493025315914,0.778561469982068,model.layers.2.self_attn.o_proj,888,183.33665466308594,888,6.005670070648193,30.527260489902066,6.005670070648193,1.4757374628970865e-05,802816
Qwen/Qwen2.5-0.5B-Instruct,False,0.0255889892578125,4864,896,3.726602554321289,5.622563616453822,1.0167248249053955,5.829522609710693,3.390394540511563,1.508763957115313,model.layers.2.mlp.gate_proj,896,2456.93994140625,896,32.267398834228516,76.1431051207011,32.267398834228516,0.1360449343919754,4358144
Qwen/Qwen2.5-0.5B-Instruct,False,0.07271695137023926,4864,896,7.103809356689453,10.718683022169134,1.0228368043899536,10.718685150146484,3.1153403585861867,1.5088641155714093,model.layers.2.mlp.up_proj,896,1304.1884765625,896,32.27484130859375,40.408826927841055,32.27484130859375,0.07583533227443695,4358144
Qwen/Qwen2.5-0.5B-Instruct,False,0.02097390592098236,896,4864,5.710748195648193,5.410874850361887,1.0204336643218994,5.631222724914551,3.0992435787115475,0.947489657219553,model.layers.2.mlp.down_proj,896,1256.734619140625,896,8.861141204833984,141.82536877474013,8.861141204833984,0.0360741950571537,4358144
Qwen/Qwen2.5-0.5B-Instruct,False,0.08239182829856873,896,896,3.526616096496582,2.901724573263813,0.8989171385765076,3.808466672897339,2.626540441480691,0.8228070461501182,model.layers.3.self_attn.q_proj,887,423.1949157714844,887,6.649776458740234,63.64047248765058,6.649776458740234,1.0788851795950904e-05,803712
Qwen/Qwen2.5-0.5B-Instruct,False,0.05181479454040527,128,896,7.669018268585205,4.045720068465879,0.9335631132125854,4.122063159942627,2.007686726357666,0.5275408046735872,model.layers.3.self_attn.k_proj,128,101.78569030761719,128,3.3693087100982666,30.20966585891994,3.3693087100982666,0.007527931127697229,114816
Qwen/Qwen2.5-0.5B-Instruct,False,0.06889170408248901,128,896,8.318708419799805,-2.4949077341993524,0.9860137701034546,-1.9103319644927979,1.4704079526363774,-0.2999152763019183,model.layers.3.self_attn.v_proj,128,29.539827346801758,128,0.5012850165367126,58.92820725200819,0.5012850165367126,0.02892020344734192,114816
Qwen/Qwen2.5-0.5B-Instruct,False,0.04838365316390991,896,896,3.5452823638916016,1.6391223874791367,0.9175599217414856,2.519179105758667,2.323403498700642,0.46233902387393977,model.layers.3.self_attn.o_proj,888,210.57339477539062,888,2.899606227874756,72.62137622380843,2.899606227874756,1.0135303455172107e-05,802816
Qwen/Qwen2.5-0.5B-Instruct,False,0.027866661548614502,4864,896,5.135428428649902,7.341153483603657,1.0227009057998657,7.3683552742004395,3.347878446019882,1.4295114001878197,model.layers.3.mlp.gate_proj,896,2227.8115234375,896,26.88508415222168,82.86421983371037,26.88508415222168,0.11575717478990555,4358144
Qwen/Qwen2.5-0.5B-Instruct,False,0.06965905427932739,4864,896,11.751330375671387,7.862438076699447,1.0305559635162354,8.003390312194824,3.122304173387361,0.6690679119171853,model.layers.3.mlp.up_proj,896,1325.2694091796875,896,4.667323589324951,283.9463310859415,4.667323589324951,0.049035392701625824,4358144
Qwen/Qwen2.5-0.5B-Instruct,False,0.028937160968780518,896,4864,4.040316581726074,4.141377838493058,1.017272710800171,4.704501152038574,3.119110800393272,1.0250132024861798,model.layers.3.mlp.down_proj,896,1315.5604248046875,896,10.592859268188477,124.19313723495415,10.592859268188477,0.10685887932777405,4358144
Qwen/Qwen2.5-0.5B-Instruct,False,0.096798837184906,896,896,2.597419500350952,1.9323267449191117,0.9129076600074768,3.1745808124542236,2.6304822517959896,0.7439409554975713,model.layers.4.self_attn.q_proj,889,427.053466796875,889,5.54550313949585,77.00896673474773,5.54550313949585,1.4035864296602085e-05,803712
Qwen/Qwen2.5-0.5B-Instruct,False,0.11569786071777344,128,896,10.86768913269043,4.187245768599276,0.9321399927139282,4.3720269203186035,1.9224613187874489,0.3852931122223471,model.layers.4.self_attn.k_proj,128,83.64910888671875,128,2.428248405456543,34.44833267418191,2.428248405456543,0.006458524148911238,114816
Qwen/Qwen2.5-0.5B-Instruct,False,0.08440369367599487,128,896,7.854971408843994,-1.939726176420403,0.994210958480835,-1.1833059787750244,1.571002262464123,-0.24694248717906792,model.layers.4.self_attn.v_proj,128,37.23936462402344,128,0.5663142800331116,65.7574176336258,0.5663142800331116,0.08477044105529785,114816
Qwen/Qwen2.5-0.5B-Instruct,False,0.07449561357498169,896,896,4.7342681884765625,2.3072737990521692,0.9150403738021851,3.098526954650879,2.402901964881453,0.4873559560204437,model.layers.4.self_attn.o_proj,889,252.87271118164062,889,3.0715384483337402,82.32770497104471,3.0715384483337402,1.0281093636876903e-05,802816
Qwen/Qwen2.5-0.5B-Instruct,False,0.017613977193832397,4864,896,3.6858508586883545,5.844258164002458,1.0121798515319824,5.944707870483398,3.3455804736495423,1.5855926862114529,model.layers.4.mlp.gate_proj,896,2216.0546875,896,38.51169967651367,57.54237559272044,38.51169967651367,0.10800335556268692,4358144
Qwen/Qwen2.5-0.5B-Instruct,False,0.04005497694015503,4864,896,10.974472045898438,9.081909381890986,1.02998948097229,9.090583801269531,3.146571767175408,0.8275486368645159,model.layers.4.mlp.up_proj,896,1401.43115234375,896,6.722775936126709,208.4601905014816,6.722775936126709,0.0559709295630455,4358144
Qwen/Qwen2.5-0.5B-Instruct,False,0.03197199106216431,896,4864,4.559990406036377,5.8442028625424935,1.0200062990188599,5.869439601898193,3.1311978687082647,1.2816261312317927,model.layers.4.mlp.down_proj,896,1352.688720703125,896,19.126087188720703,70.72480154230662,19.126087188720703,0.05453640595078468,4358144
Qwen/Qwen2.5-0.5B-Instruct,False,0.09197998046875,896,896,4.639339923858643,3.473489570875297,0.9079244136810303,4.277585029602051,2.5948101251146345,0.7487033991650947,model.layers.5.self_attn.q_proj,889,393.3780517578125,889,5.606649398803711,70.16276991419286,5.606649398803711,1.0840809409273788e-05,803712
Qwen/Qwen2.5-0.5B-Instruct,False,0.13232558965682983,128,896,4.072705268859863,1.3615497342142235,0.9221514463424683,2.2716782093048096,1.8757450531624762,0.33431089271907555,model.layers.5.self_attn.k_proj,128,75.11817932128906,128,2.159289598464966,34.78837640615247,2.159289598464966,0.005410841200500727,114816
Qwen/Qwen2.5-0.5B-Instruct,False,0.12471652030944824,128,896,14.51889705657959,-4.530684781106148,0.9980905055999756,-3.737222671508789,1.5954163816352525,-0.31205433604565425,model.layers.5.self_attn.v_proj,128,39.392757415771484,128,0.487467497587204,80.81104404037613,0.487467497587204,0.07670770585536957,114816
Qwen/Qwen2.5-0.5B-Instruct,False,0.03817865252494812,896,896,6.270655155181885,4.094425634746937,0.9306173324584961,4.126882076263428,2.4137916091059286,0.6529502154752401,model.layers.5.self_attn.o_proj,888,259.2934875488281,888,4.497282981872559,57.655586404941914,4.497282981872559,1.4338112123368774e-05,802816
Qwen/Qwen2.5-0.5B-Instruct,False,0.03133952617645264,4864,896,3.215088367462158,5.874424064875598,1.0024951696395874,5.9464945793151855,3.4121608559354017,1.82714233435288,model.layers.5.mlp.gate_proj,896,2583.216796875,896,67.1648941040039,38.46081842807531,67.1648941040039,0.09302733093500137,4358144
Qwen/Qwen2.5-0.5B-Instruct,False,0.05152773857116699,4864,896,18.08348274230957,10.437472376276228,1.028141975402832,10.70589542388916,3.107933345635174,0.5771826436870967,model.layers.5.mlp.up_proj,896,1282.1337890625,896,3.7773101329803467,339.43037344695864,3.7773101329803467,0.04412349313497543,4358144
Qwen/Qwen2.5-0.5B-Instruct,False,0.027445092797279358,896,4864,4.520824909210205,5.175479773273233,1.013891577720642,5.262297630310059,3.083280838530179,1.1448087190303058,model.layers.5.mlp.down_proj,896,1211.3812255859375,896,13.957534790039062,86.7904858421311,13.957534790039062,0.07168497145175934,4358144
Qwen/Qwen2.5-0.5B-Instruct,False,0.07788467407226562,896,896,7.894959926605225,6.247826245721305,0.901179313659668,6.572366237640381,2.6259016172033793,0.7913689624524574,model.layers.6.self_attn.q_proj,889,422.5728759765625,889,6.1854166984558105,68.31760842920379,6.1854166984558105,1.0652145647327416e-05,803712
Qwen/Qwen2.5-0.5B-Instruct,False,0.11872115731239319,128,896,6.156276226043701,2.079997598095444,0.9392070174217224,2.80522084236145,1.962702954354716,0.33786619081453134,model.layers.6.self_attn.k_proj,128,91.77046966552734,128,2.1770389080047607,42.15380319023984,2.1770389080047607,0.004513764288276434,114816
Qwen/Qwen2.5-0.5B-Instruct,False,0.08570954203605652,128,896,10.389274597167969,-2.8178502539650374,0.9780410528182983,-2.350368022918701,1.4705624637043113,-0.271226853002149,model.layers.6.self_attn.v_proj,128,29.550338745117188,128,0.5355168581008911,55.18096825170333,0.5355168581008911,0.034354131668806076,114816
Qwen/Qwen2.5-0.5B-Instruct,False,0.03238403797149658,896,896,3.5022737979888916,2.3145560507974023,0.903575599193573,3.0521774291992188,2.389256740453164,0.6608723887111534,model.layers.6.self_attn.o_proj,888,245.0511474609375,888,4.58007287979126,53.50376596455074,4.58007287979126,1.2341243746050168e-05,802816
Qwen/Qwen2.5-0.5B-Instruct,False,0.022315502166748047,4864,896,4.796685695648193,7.410922009953382,1.0160199403762817,7.421450138092041,3.323208930905184,1.5450088832539022,model.layers.6.mlp.gate_proj,896,2104.790771484375,896,35.075904846191406,60.00674197041894,35.075904846191406,0.1005861833691597,4358144
Qwen/Qwen2.5-0.5B-Instruct,False,0.05382239818572998,4864,896,16.271530151367188,11.767425331395366,1.0280364751815796,11.786689758300781,3.170241727049563,0.7231910718861697,model.layers.6.mlp.up_proj,896,1479.931884765625,896,5.286777973175049,279.93078057651644,5.286777973175049,0.04929659143090248,4358144
Qwen/Qwen2.5-0.5B-Instruct,False,0.03917917609214783,896,4864,4.642679214477539,4.863966512540927,1.0161385536193848,5.212037086486816,3.1473766608647646,1.0476637062007934,model.layers.6.mlp.down_proj,896,1404.0308837890625,896,11.159987449645996,125.80936046066965,11.159987449645996,0.12229203432798386,4358144
Qwen/Qwen2.5-0.5B-Instruct,False,0.08061486482620239,896,896,10.478662490844727,7.961705875933398,0.9146589040756226,8.158989906311035,2.6230130277774233,0.759801728788344,model.layers.7.self_attn.q_proj,889,419.7715759277344,889,5.751772880554199,72.98125024145394,5.751772880554199,1.5727740901638754e-05,803712
Qwen/Qwen2.5-0.5B-Instruct,False,0.10600137710571289,128,896,7.160434246063232,2.7356692027258656,0.9394241571426392,3.1023635864257812,1.9493426856802694,0.38205353316803675,model.layers.7.self_attn.k_proj,128,88.99030303955078,128,2.4102025032043457,36.92233450145324,2.4102025032043457,0.003262176876887679,114816
Qwen/Qwen2.5-0.5B-Instruct,False,0.12228024005889893,128,896,9.925135612487793,-2.7739726515235716,0.99406898021698,-1.8923051357269287,1.5909424611802196,-0.2794896472783065,model.layers.7.self_attn.v_proj,128,38.98903274536133,128,0.5254245400428772,74.20481872083788,0.5254245400428772,0.04242002218961716,114816
Qwen/Qwen2.5-0.5B-Instruct,False,0.08260732889175415,896,896,7.28260612487793,2.6375827591239136,0.939784824848175,3.2472083568573,2.407884301828173,0.36217567089255764,model.layers.7.self_attn.o_proj,889,255.79043579101562,889,2.302372932434082,111.0986114315514,2.302372932434082,1.2233822417329066e-05,802816
Qwen/Qwen2.5-0.5B-Instruct,False,0.021598756313323975,4864,896,4.478078842163086,6.852268096984108,1.0150645971298218,6.871851921081543,3.2933166603772763,1.5301803158236036,model.layers.7.mlp.gate_proj,896,1964.7923583984375,896,33.89848709106445,57.961063369000655,33.89848709106445,0.08964237570762634,4358144
Qwen/Qwen2.5-0.5B-Instruct,False,0.0467529296875,4864,896,12.50023365020752,9.20265483433922,1.0287808179855347,9.39522933959961,3.1877786938231996,0.7361986257102039,model.layers.7.mlp.up_proj,896,1540.9150390625,896,5.447517395019531,282.86555642232605,5.447517395019531,0.042135242372751236,4358144
Qwen/Qwen2.5-0.5B-Instruct,False,0.03882443904876709,896,4864,4.065012454986572,4.599549620130569,1.0178358554840088,4.914508819580078,3.1578783917792808,1.1314970546986336,model.layers.7.mlp.down_proj,896,1438.395751953125,896,13.536209106445312,106.26282001422598,13.536209106445312,0.17171934247016907,4358144
Qwen/Qwen2.5-0.5B-Instruct,False,0.035334765911102295,896,896,3.7590367794036865,5.105882286085971,0.9048923850059509,5.171595096588135,2.7264400601960204,1.3582953787687975,model.layers.8.self_attn.q_proj,892,532.647705078125,892,22.81893539428711,23.342355630292783,22.81893539428711,1.07765381471836e-05,803712
Qwen/Qwen2.5-0.5B-Instruct,False,0.06777329742908478,128,896,3.892674446105957,2.76065721030434,0.9248839020729065,3.249425172805786,2.074770653013415,0.7091929336823858,model.layers.8.self_attn.k_proj,128,118.7874755859375,128,5.119091987609863,23.204794106737694,5.119091987609863,0.002310484182089567,114816
Qwen/Qwen2.5-0.5B-Instruct,False,0.10543769598007202,128,896,12.651020050048828,-3.669704036070984,0.9908715486526489,-3.4768340587615967,1.4849907046119215,-0.2900717903815843,model.layers.8.self_attn.v_proj,128,30.54855728149414,128,0.5127766132354736,59.57478655030987,0.5127766132354736,0.0612589567899704,114816
Qwen/Qwen2.5-0.5B-Instruct,False,0.07599222660064697,896,896,8.558897018432617,4.121525596732446,0.9347949624061584,4.15150260925293,2.3758543962150473,0.48154868411855445,model.layers.8.self_attn.o_proj,887,237.60435485839844,887,3.0307400226593018,78.39813150648077,3.0307400226593018,1.3574205695476849e-05,802816
Qwen/Qwen2.5-0.5B-Instruct,False,0.034359127283096313,4864,896,4.112810134887695,6.469185758646162,1.0097109079360962,6.50655460357666,3.313636623451021,1.5729356684302205,model.layers.8.mlp.gate_proj,896,2058.906494140625,896,37.405517578125,55.0428553712805,37.405517578125,0.08640202134847641,4358144
Qwen/Qwen2.5-0.5B-Instruct,False,0.046812623739242554,4864,896,13.385043144226074,9.895339211840811,1.026057481765747,10.127158164978027,3.1899722824421475,0.7392833258150071,model.layers.8.mlp.up_proj,896,1548.7177734375,896,5.486347675323486,282.2857509383388,5.486347675323486,0.043704818934202194,4358144
Qwen/Qwen2.5-0.5B-Instruct,False,0.03448641300201416,896,4864,5.313562870025635,6.628357118777612,1.0084975957870483,6.670831203460693,3.154541948634364,1.2474411766479454,model.layers.8.mlp.down_proj,896,1427.3876953125,896,17.678327560424805,80.74223596285712,17.678327560424805,0.013305703178048134,4358144
Qwen/Qwen2.5-0.5B-Instruct,False,0.09442248940467834,896,896,2.3761298656463623,2.0806371202659246,0.8855524659156799,3.1809535026550293,2.613605611109713,0.8756411635354547,model.layers.9.self_attn.q_proj,884,410.7765197753906,884,7.510021209716797,54.697118464047726,7.510021209716797,1.053454980137758e-05,803712
Qwen/Qwen2.5-0.5B-Instruct,False,0.09838330745697021,128,896,4.061400413513184,1.3214826994946811,0.9246039986610413,2.1293983459472656,1.8358010364879827,0.32537611782817916,model.layers.9.self_attn.k_proj,128,68.51742553710938,128,2.1153202056884766,32.39104195802304,2.1153202056884766,0.012988746166229248,114816
Qwen/Qwen2.5-0.5B-Instruct,False,0.09190112352371216,128,896,14.658802032470703,-3.1176720358965766,0.9812847375869751,-2.880552291870117,1.558347250087686,-0.2126825936383221,model.layers.9.self_attn.v_proj,128,36.16989517211914,128,0.6127980947494507,59.024163883713776,0.6127980947494507,0.037302955985069275,114816
Qwen/Qwen2.5-0.5B-Instruct,False,0.0980253517627716,896,896,3.0132741928100586,1.1818128374523933,0.9181918501853943,2.4396414756774902,2.355538644994882,0.3922022231738168,model.layers.9.self_attn.o_proj,888,226.7454833984375,888,2.4671878814697266,91.90442491285387,2.4671878814697266,1.2384065485093743e-05,802816
Qwen/Qwen2.5-0.5B-Instruct,False,0.0414196252822876,4864,896,4.152355194091797,6.078384051876153,1.0097429752349854,6.142024993896484,3.263431792084915,1.4638401022448218,model.layers.9.mlp.gate_proj,896,1834.1370849609375,896,29.09645652770996,63.036441678532235,29.09645652770996,0.07809650152921677,4358144
Qwen/Qwen2.5-0.5B-Instruct,False,0.05494892597198486,4864,896,7.4979634284973145,5.726740900815034,1.02644944190979,6.408987998962402,3.183918221710342,0.763772850511588,model.layers.9.mlp.up_proj,896,1527.2784423828125,896,5.804607391357422,263.1148567699519,5.804607391357422,0.04207242652773857,4358144
Qwen/Qwen2.5-0.5B-Instruct,False,0.055430710315704346,896,4864,5.021589756011963,6.923741675393939,1.007568359375,6.9366350173950195,3.1486827715476116,1.378794766558673,model.layers.9.mlp.down_proj,896,1408.259765625,896,23.921850204467773,58.86918250838247,23.921850204467773,0.07837729156017303,4358144
Qwen/Qwen2.5-0.5B-Instruct,False,0.09438508749008179,896,896,8.29172134399414,6.660773700520145,0.9048510789871216,6.808803081512451,2.5669839094121487,0.8033040938290427,model.layers.10.self_attn.q_proj,888,368.96392822265625,888,6.357759475708008,58.03364056668217,6.357759475708008,1.5068450920807663e-05,803712
Qwen/Qwen2.5-0.5B-Instruct,False,0.11567264795303345,128,896,4.150534629821777,1.9573676117321357,0.9024540781974792,2.4789371490478516,1.835220975240575,0.4715940924015816,model.layers.10.self_attn.k_proj,128,68.42597198486328,128,2.962061643600464,23.100792697105963,2.962061643600464,0.0037510469555854797,114816
Qwen/Qwen2.5-0.5B-Instruct,False,0.13207826018333435,128,896,17.587385177612305,-3.4696861884470875,0.9916064739227295,-2.731508731842041,1.669876612689327,-0.19728266330709535,model.layers.10.self_attn.v_proj,128,46.76022720336914,128,0.6349175572395325,73.64771484139023,0.6349175572395325,0.13243304193019867,114816
Qwen/Qwen2.5-0.5B-Instruct,False,0.06958849728107452,896,896,9.830517768859863,4.773457434746014,0.9364719986915588,4.806654453277588,2.4240669215448043,0.48557538341132933,model.layers.10.self_attn.o_proj,887,265.50146484375,887,3.0589711666107178,86.79436659676678,3.0589711666107178,1.0328544703952502e-05,802816
Qwen/Qwen2.5-0.5B-Instruct,False,0.03479892015457153,4864,896,3.6050596237182617,5.3663702807879545,1.003647804260254,5.568111419677734,3.294218440700046,1.4885663042801704,model.layers.10.mlp.gate_proj,896,1968.8763427734375,896,30.801105499267578,63.92226223244668,30.801105499267578,0.17997696995735168,4358144
Qwen/Qwen2.5-0.5B-Instruct,False,0.06839606165885925,4864,896,6.608622074127197,5.008970806051084,1.0225679874420166,6.012307643890381,3.174864186219418,0.7579448105621354,model.layers.10.mlp.up_proj,896,1495.767822265625,896,5.727232456207275,261.16764662563776,5.727232456207275,0.12314032018184662,4358144
Qwen/Qwen2.5-0.5B-Instruct,False,0.015589654445648193,896,4864,4.644933700561523,6.659729937206656,1.003149390220642,6.672080993652344,3.1291680470547574,1.4337621086823187,model.layers.10.mlp.down_proj,896,1346.3812255859375,896,27.149517059326172,49.591350838538766,27.149517059326172,0.01898607425391674,4358144
Qwen/Qwen2.5-0.5B-Instruct,False,0.06373476982116699,896,896,5.016753673553467,5.23865025429922,0.8501259684562683,5.407341480255127,2.53395463916013,1.0442311094354726,model.layers.11.self_attn.q_proj,883,341.9437255859375,883,11.072128295898438,30.883287878140578,11.072128295898438,1.0657789061951917e-05,803712
Qwen/Qwen2.5-0.5B-Instruct,False,0.15594783425331116,128,896,6.700045585632324,1.608021931908428,0.8968127965927124,2.460519313812256,1.7983866096430252,0.24000164048983394,model.layers.11.self_attn.k_proj,128,62.86177062988281,128,1.7378073930740356,36.173036713053456,1.7378073930740356,0.004388174507766962,114816
Qwen/Qwen2.5-0.5B-Instruct,False,0.108233243227005,128,896,4.79863166809082,-0.992993246311294,0.9777562618255615,-0.05412416532635689,1.514707222740908,-0.20693258307661808,model.layers.11.self_attn.v_proj,128,32.71200942993164,128,0.6209654211997986,52.67927699859216,0.6209654211997986,0.026085110381245613,114816
Qwen/Qwen2.5-0.5B-Instruct,False,0.04675090312957764,896,896,2.6983094215393066,2.61905462150426,0.8562445044517517,3.1439146995544434,2.3880375752158685,0.970627979355372,model.layers.11.self_attn.o_proj,882,244.36419677734375,882,9.346047401428223,26.146261224825487,9.346047401428223,1.3690710147784557e-05,802816
Qwen/Qwen2.5-0.5B-Instruct,False,0.03700485825538635,4864,896,4.346857070922852,5.954827298923531,1.0084800720214844,6.033156871795654,3.2165921935498907,1.36991559689339,model.layers.11.mlp.gate_proj,896,1646.615478515625,896,23.437732696533203,70.2548962323128,23.437732696533203,0.0787605345249176,4358144
Qwen/Qwen2.5-0.5B-Instruct,False,0.05821526050567627,4864,896,7.410725116729736,5.556479876871747,1.0236589908599854,6.45175838470459,3.175141757772561,0.7497889598317411,model.layers.11.mlp.up_proj,896,1496.72412109375,896,5.620681285858154,266.2887370717077,5.620681285858154,0.1225777193903923,4358144
Qwen/Qwen2.5-0.5B-Instruct,False,0.039712727069854736,896,4864,4.685565948486328,6.588178588175892,0.9986647963523865,6.625161647796631,3.1457316474611132,1.406058235143228,model.layers.11.mlp.down_proj,896,1398.7227783203125,896,25.471717834472656,54.91277767011549,25.471717834472656,0.09871921688318253,4358144
Qwen/Qwen2.5-0.5B-Instruct,False,0.09326502680778503,896,896,2.5307130813598633,1.9173405133561057,0.9026260375976562,3.0639801025390625,2.5701572024182604,0.7576285622729837,model.layers.12.self_attn.q_proj,889,371.66973876953125,889,5.7230634689331055,64.94244573506678,5.7230634689331055,1.0720792488427833e-05,803712
Qwen/Qwen2.5-0.5B-Instruct,False,0.07578939199447632,128,896,5.2936506271362305,2.6030957946558884,0.9121996164321899,2.7351913452148438,1.8062503781107548,0.491739251040093,model.layers.12.self_attn.k_proj,128,64.0103759765625,128,3.102696180343628,20.63056524260563,3.102696180343628,0.004590441007167101,114816
Qwen/Qwen2.5-0.5B-Instruct,False,0.075102299451828,128,896,8.156412124633789,-1.4296683534873336,0.9945787191390991,-0.8997568488121033,1.6029601380350131,-0.17528152472451528,model.layers.12.self_attn.v_proj,128,40.08299255371094,128,0.6679108142852783,60.012492231621025,0.6679108142852783,0.1268639713525772,114816
Qwen/Qwen2.5-0.5B-Instruct,False,0.07257384061813354,896,896,6.661850929260254,3.551664664737904,0.9235492944717407,3.890801429748535,2.4089578625724175,0.5331348153015919,model.layers.12.self_attn.o_proj,887,256.42352294921875,887,3.4129884243011475,75.13167086165102,3.4129884243011475,1.2612104910658672e-05,802816
Qwen/Qwen2.5-0.5B-Instruct,False,0.046328961849212646,4864,896,4.54302978515625,6.416975851755695,1.0059741735458374,6.486938953399658,3.2429470360377586,1.4124881753411163,model.layers.12.mlp.gate_proj,896,1749.63330078125,896,25.85164451599121,67.67976790408706,25.85164451599121,0.19909697771072388,4358144
Qwen/Qwen2.5-0.5B-Instruct,False,0.06943473219871521,4864,896,6.059881687164307,4.775297144107417,1.0230027437210083,5.836052894592285,3.2027697944844804,0.7880182139895862,model.layers.12.mlp.up_proj,896,1595.033447265625,896,6.137877464294434,259.86726788606205,6.137877464294434,0.18140994012355804,4358144
Qwen/Qwen2.5-0.5B-Instruct,False,0.03559601306915283,896,4864,4.835411071777344,6.5926746023077945,1.0027008056640625,6.627072334289551,3.1605934836559944,1.363415540984096,model.layers.12.mlp.down_proj,896,1447.4163818359375,896,23.089553833007812,62.68706586121966,23.089553833007812,0.1022653803229332,4358144
Qwen/Qwen2.5-0.5B-Instruct,False,0.09504824876785278,896,896,1.937939167022705,1.5470231838793918,0.8716493248939514,2.9393389225006104,2.5887301937626117,0.7982826345659315,model.layers.13.self_attn.q_proj,887,387.9093017578125,887,6.284672260284424,61.723075713777476,6.284672260284424,1.0738479431893211e-05,803712
Qwen/Qwen2.5-0.5B-Instruct,False,0.1459859311580658,128,896,6.80616569519043,2.178046851958159,0.915522038936615,2.7095391750335693,1.8266001785831962,0.3200108474434105,model.layers.13.self_attn.k_proj,128,67.08110046386719,128,2.089348316192627,32.10623137558394,2.089348316192627,0.007005211431533098,114816
Qwen/Qwen2.5-0.5B-Instruct,False,0.08564889430999756,128,896,9.216097831726074,-1.6442904230536806,0.9834768176078796,-0.9265586733818054,1.5871838054182454,-0.17841503563398295,model.layers.13.self_attn.v_proj,128,38.653053283691406,128,0.6631090641021729,58.29064233351466,0.6631090641021729,0.08625659346580505,114816
Qwen/Qwen2.5-0.5B-Instruct,False,0.10671791434288025,896,896,2.4905929565429688,1.1391612527088228,0.9172574877738953,2.441751480102539,2.3860479724541737,0.4573855594171514,model.layers.13.self_attn.o_proj,886,243.2472686767578,886,2.8667218685150146,84.85206442533676,2.8667218685150146,1.1439014997449704e-05,802816
Qwen/Qwen2.5-0.5B-Instruct,False,0.04231226444244385,4864,896,5.087491035461426,7.046836390915735,1.0062706470489502,7.079277515411377,3.213052147509689,1.385129986823967,model.layers.13.mlp.gate_proj,896,1633.248046875,896,24.273365020751953,67.28560483800628,24.273365020751953,0.1278170943260193,4358144
Qwen/Qwen2.5-0.5B-Instruct,False,0.046418458223342896,4864,896,6.130665302276611,5.293100945834374,1.0230536460876465,6.053566932678223,3.2182479652458653,0.8633811641729636,model.layers.13.mlp.up_proj,896,1652.9052734375,896,7.300980091094971,226.3949843464926,7.300980091094971,0.15929247438907623,4358144
Qwen/Qwen2.5-0.5B-Instruct,False,0.022702783346176147,896,4864,4.2066521644592285,5.347986026873102,1.007178544998169,5.5373945236206055,3.1753093344420735,1.271316433542252,model.layers.13.mlp.down_proj,896,1497.3017578125,896,18.677400588989258,80.16649590388893,18.677400588989258,0.09915826469659805,4358144
Qwen/Qwen2.5-0.5B-Instruct,False,0.06708061695098877,896,896,6.530045509338379,5.50364769864236,0.8948996663093567,5.695639610290527,2.5532306663517073,0.8428191948695909,model.layers.14.self_attn.q_proj,887,357.462646484375,887,6.96336555480957,51.33475237954108,6.96336555480957,1.084664290829096e-05,803712
Qwen/Qwen2.5-0.5B-Instruct,False,0.09798812866210938,128,896,6.3625102043151855,2.5184001858032787,0.9045443534851074,2.6810901165008545,1.7494643544383455,0.39581864781847387,model.layers.14.self_attn.k_proj,128,56.164817810058594,128,2.4878182411193848,22.575932952717412,2.4878182411193848,0.005398430395871401,114816
Qwen/Qwen2.5-0.5B-Instruct,False,0.10993042588233948,128,896,10.490105628967285,-1.920961628619691,0.9989318251609802,-1.241274356842041,1.6845787493376532,-0.18312128557744592,model.layers.14.self_attn.v_proj,128,48.370296478271484,128,0.6559620499610901,73.73947392404894,0.6559620499610901,0.18253301084041595,114816
Qwen/Qwen2.5-0.5B-Instruct,False,0.07881355285644531,896,896,6.493435382843018,3.286419234005081,0.921768844127655,3.6535656452178955,2.4307008722445254,0.5061141045136865,model.layers.14.self_attn.o_proj,886,269.58819580078125,886,3.2071118354797363,84.05949328563244,3.2071118354797363,1.0968788956233766e-05,802816
Qwen/Qwen2.5-0.5B-Instruct,False,0.04579707980155945,4864,896,5.407166957855225,7.619353276490801,1.008367896080017,7.6351470947265625,3.2457700129176956,1.4091211416029679,model.layers.14.mlp.gate_proj,896,1761.043212890625,896,25.651994705200195,68.6513167154843,25.651994705200195,0.11886993795633316,4358144
Qwen/Qwen2.5-0.5B-Instruct,False,0.0499340295791626,4864,896,7.9118523597717285,6.627264513651749,1.021811604499817,7.299714088439941,3.2161554926344373,0.8376375357240561,model.layers.14.mlp.up_proj,896,1644.9605712890625,896,6.880777835845947,239.0660780703473,6.880777835845947,0.15696299076080322,4358144
Qwen/Qwen2.5-0.5B-Instruct,False,0.024741947650909424,896,4864,5.427960395812988,6.055294174011856,1.0106594562530518,6.200864315032959,3.17005684498595,1.1155744943685992,model.layers.14.mlp.down_proj,896,1479.302001953125,896,13.048917770385742,113.36587661778138,13.048917770385742,0.09794814139604568,4358144
Qwen/Qwen2.5-0.5B-Instruct,False,0.08285221457481384,896,896,2.200666904449463,1.6732492561478485,0.8926790952682495,2.891392946243286,2.5404241113375763,0.7603373562644831,model.layers.15.self_attn.q_proj,888,347.07562255859375,888,5.758871078491211,60.26799659657001,5.758871078491211,1.1372615517757367e-05,803712
Qwen/Qwen2.5-0.5B-Instruct,False,0.14140170812606812,128,896,2.8334672451019287,0.7969562326293778,0.9181777238845825,1.924011468887329,1.8347515493298727,0.28126537690069847,model.layers.15.self_attn.k_proj,128,68.35205078125,128,1.9110206365585327,35.767301238746434,1.9110206365585327,0.0019739558920264244,114816
Qwen/Qwen2.5-0.5B-Instruct,False,0.09149579703807831,128,896,9.37321662902832,-0.5078864912210633,0.9772346019744873,-0.052917033433914185,1.6603714710197401,-0.05418486644682549,model.layers.15.self_attn.v_proj,128,45.74793243408203,128,0.8827040791511536,51.82703186109123,0.8827040791511536,0.07187466323375702,114816
Qwen/Qwen2.5-0.5B-Instruct,False,0.054385244846343994,896,896,2.9380364418029785,2.176722348031388,0.8904142379760742,2.9701240062713623,2.416729312717886,0.7408765654028455,model.layers.15.self_attn.o_proj,886,261.0533752441406,886,5.506511688232422,47.408121515844485,5.506511688232422,1.0708991794672329e-05,802816
Qwen/Qwen2.5-0.5B-Instruct,False,0.03876355290412903,4864,896,4.8414154052734375,7.295863688727988,1.0085476636886597,7.305322647094727,3.243282694528442,1.5069691563300023,model.layers.15.mlp.gate_proj,896,1750.986083984375,896,32.13432312011719,54.48958975856559,32.13432312011719,0.17020316421985626,4358144
Qwen/Qwen2.5-0.5B-Instruct,False,0.03715330362319946,4864,896,11.201858520507812,8.868709859117331,1.0245425701141357,9.358142852783203,3.2392876232810948,0.7917177174556287,model.layers.15.mlp.up_proj,896,1734.95263671875,896,6.190385818481445,280.2656712508993,6.190385818481445,0.22846050560474396,4358144
Qwen/Qwen2.5-0.5B-Instruct,False,0.03809697926044464,896,4864,6.764651775360107,6.901471237293871,1.0127921104431152,7.072910785675049,3.1948005933758976,1.0202256474504898,model.layers.15.mlp.down_proj,896,1566.0318603515625,896,10.476727485656738,149.4771971968874,10.476727485656738,0.01930120773613453,4358144
Qwen/Qwen2.5-0.5B-Instruct,False,0.09422695636749268,896,896,5.784787178039551,6.107495600507556,0.8425606489181519,6.621720314025879,2.696619034896635,1.05578570352477,model.layers.16.self_attn.q_proj,881,497.3006591796875,881,11.370660781860352,43.73542300840007,11.370660781860352,1.2686703485087492e-05,803712
Qwen/Qwen2.5-0.5B-Instruct,False,0.07781732082366943,128,896,2.5613789558410645,1.233512758072459,0.8623502850532532,2.0410964488983154,1.7685466540898331,0.4815815150114786,model.layers.16.self_attn.k_proj,128,58.68764114379883,128,3.0309691429138184,19.362665331320244,3.0309691429138184,0.006426651496440172,114816
Qwen/Qwen2.5-0.5B-Instruct,False,0.09384030103683472,128,896,6.418947696685791,-1.3176174746995422,0.986734926700592,-0.386059433221817,1.5834631083339674,-0.2052700126190232,model.layers.16.self_attn.v_proj,128,38.32331848144531,128,0.6233471632003784,61.47989554438073,0.6233471632003784,0.055796075612306595,114816
Qwen/Qwen2.5-0.5B-Instruct,False,0.08503895998001099,896,896,6.432632923126221,3.556536006025318,0.889476478099823,4.355145454406738,2.4807528054397405,0.5528896252169264,model.layers.16.self_attn.o_proj,886,302.51910400390625,886,3.5718204975128174,84.69605463504138,3.5718204975128174,1.1482564332254697e-05,802816
Qwen/Qwen2.5-0.5B-Instruct,False,0.031117796897888184,4864,896,5.807089328765869,8.677873828595919,1.0121312141418457,8.680558204650879,3.2962152982799298,1.4943585912497324,model.layers.16.mlp.gate_proj,896,1977.949951171875,896,31.214658737182617,63.3660604085272,31.214658737182617,0.11195949465036392,4358144
Qwen/Qwen2.5-0.5B-Instruct,False,0.0640084445476532,4864,896,7.680965900421143,9.006559384113984,1.0210157632827759,9.008749008178711,3.2034498932993682,1.1725816128958677,model.layers.16.mlp.up_proj,896,1597.533203125,896,14.87926959991455,107.36637254923954,14.87926959991455,0.13291266560554504,4358144
Qwen/Qwen2.5-0.5B-Instruct,False,0.05223226547241211,896,4864,7.418208122253418,7.922683859705413,1.024556040763855,7.930748462677002,3.1593488391835245,1.0680050666061323,model.layers.16.mlp.down_proj,896,1443.274169921875,896,11.695130348205566,123.40813030299596,11.695130348205566,0.1983451396226883,4358144
Qwen/Qwen2.5-0.5B-Instruct,False,0.0733644962310791,896,896,3.64638090133667,3.5658005217159965,0.8939201831817627,4.028635501861572,2.585162162360714,0.9779012720280718,model.layers.17.self_attn.q_proj,889,384.73541259765625,889,9.503887176513672,40.48190024271621,9.503887176513672,1.2598351531778462e-05,803712
Qwen/Qwen2.5-0.5B-Instruct,False,0.09555304050445557,128,896,5.732236385345459,2.7596457671449,0.9043000936508179,2.843104600906372,1.7423389091144805,0.4814256743144739,model.layers.17.self_attn.k_proj,128,55.2508430480957,128,3.029881715774536,18.235313530703884,3.029881715774536,0.009019900113344193,114816
Qwen/Qwen2.5-0.5B-Instruct,False,0.11295130848884583,128,896,5.278039932250977,-0.40178809652693603,0.9862834811210632,0.5372159481048584,1.6879574919471794,-0.076124489712904,model.layers.17.self_attn.v_proj,128,48.748077392578125,128,0.8392193913459778,58.08740586224273,0.8392193913459778,0.04322308674454689,114816
Qwen/Qwen2.5-0.5B-Instruct,False,0.08968323469161987,896,896,4.285346031188965,2.4999856174737314,0.9275015592575073,3.1336305141448975,2.4618758573021218,0.5833801049620521,model.layers.17.self_attn.o_proj,889,289.65155029296875,889,3.831599473953247,75.59546666137345,3.831599473953247,1.2284870535950176e-05,802816
Qwen/Qwen2.5-0.5B-Instruct,False,0.03283083438873291,4864,896,5.9140119552612305,8.965119401537358,1.01542329788208,8.968003273010254,3.3323227496834247,1.51591161285391,model.layers.17.mlp.gate_proj,896,2149.42724609375,896,32.802852630615234,65.52561968612656,32.802852630615234,0.14325103163719177,4358144
Qwen/Qwen2.5-0.5B-Instruct,False,0.04530298709869385,4864,896,10.10462760925293,8.557392821120791,1.0232664346694946,8.63212776184082,3.178842037886006,0.8468785938518588,model.layers.17.mlp.up_proj,896,1509.531005859375,896,7.0287580490112305,214.76496919277625,7.0287580490112305,0.12387710064649582,4358144
Qwen/Qwen2.5-0.5B-Instruct,False,0.05321002006530762,896,4864,7.735452651977539,8.463739145029676,1.0229121446609497,8.465994834899902,3.1449991794117227,1.0941491759846727,model.layers.17.mlp.down_proj,896,1396.36572265625,896,12.420788764953613,112.42166251117828,12.420788764953613,0.06573297828435898,4358144
Qwen/Qwen2.5-0.5B-Instruct,False,0.07470202445983887,896,896,5.48942756652832,4.478050055105155,0.9113743305206299,4.76876974105835,2.5524233450118134,0.8157590205598083,model.layers.18.self_attn.q_proj,889,356.79876708984375,889,6.542730331420898,54.533619607757394,6.542730331420898,1.0901940186158754e-05,803712
Qwen/Qwen2.5-0.5B-Instruct,False,0.11900734901428223,128,896,3.9611215591430664,1.072972978835171,0.936259388923645,1.795511245727539,1.7789603749434966,0.27087605437367435,model.layers.18.self_attn.k_proj,128,60.11188888549805,128,1.865847110748291,32.21694239534471,1.865847110748291,0.002098789205774665,114816
Qwen/Qwen2.5-0.5B-Instruct,False,0.09697237610816956,128,896,11.389079093933105,0.05386592738003517,0.9969291687011719,0.5070168375968933,1.8368272007860658,0.004729612195662881,model.layers.18.self_attn.v_proj,128,68.67951202392578,128,1.0109498500823975,67.93562709201456,1.0109498500823975,0.2044478803873062,114816
Qwen/Qwen2.5-0.5B-Instruct,False,0.06041628122329712,896,896,7.364675998687744,3.6270889815793437,0.9262973070144653,4.180075168609619,2.486084060288334,0.4924981061251883,model.layers.18.self_attn.o_proj,890,306.255615234375,890,3.1081223487854004,98.53396387502387,3.1081223487854004,1.3679496987606399e-05,802816
Qwen/Qwen2.5-0.5B-Instruct,False,0.026815056800842285,4864,896,6.057132720947266,8.518381523787323,1.0170553922653198,8.522270202636719,3.2905112080562318,1.4063389257310421,model.layers.18.mlp.gate_proj,896,1952.14111328125,896,25.48818588256836,76.59003752857672,25.48818588256836,0.13530613481998444,4358144
Qwen/Qwen2.5-0.5B-Instruct,False,0.034673452377319336,4864,896,11.007533073425293,9.586542430011443,1.0236310958862305,9.637969970703125,3.213188391241504,0.8709074382120688,model.layers.18.mlp.up_proj,896,1633.760498046875,896,7.428607940673828,219.92821684686743,7.428607940673828,0.14497192203998566,4358144
Qwen/Qwen2.5-0.5B-Instruct,False,0.02644526958465576,896,4864,6.85504674911499,6.834395402346781,1.0170528888702393,6.9688401222229,3.1811504290198767,0.9969874243715587,model.layers.18.mlp.down_proj,896,1517.575927734375,896,9.930872917175293,152.81395103845813,9.930872917175293,0.057889558374881744,4358144
Qwen/Qwen2.5-0.5B-Instruct,False,0.080302894115448,896,896,2.517765522003174,2.1362914570486926,0.9077925086021423,3.0847089290618896,2.5756174231914275,0.8484870566298904,model.layers.19.self_attn.q_proj,889,376.3721008300781,889,7.054838180541992,53.34950160418323,7.054838180541992,1.0246551028103568e-05,803712
Qwen/Qwen2.5-0.5B-Instruct,False,0.12229752540588379,128,896,4.379271507263184,1.025786729335974,0.9334417581558228,1.7069638967514038,1.7415603682621654,0.23423684227723005,model.layers.19.self_attn.k_proj,128,55.151885986328125,128,1.7148922681808472,32.16055434481204,1.7148922681808472,0.002113865688443184,114816
Qwen/Qwen2.5-0.5B-Instruct,False,0.0728645920753479,128,896,8.668188095092773,0.1229496438913444,0.9852713346481323,0.6651784777641296,1.7702283070971618,0.014184007377614306,model.layers.19.self_attn.v_proj,128,58.91532897949219,128,1.0331990718841553,57.022243421157384,1.0331990718841553,0.08937262743711472,114816
Qwen/Qwen2.5-0.5B-Instruct,False,0.08671170473098755,896,896,11.899977684020996,5.648958382929876,0.9047042727470398,6.146111488342285,2.421145531638151,0.47470327532757994,model.layers.19.self_attn.o_proj,889,263.72149658203125,889,2.9833436012268066,88.39796276687139,2.9833436012268066,1.1380671821825672e-05,802816
Qwen/Qwen2.5-0.5B-Instruct,False,0.036743223667144775,4864,896,5.849900722503662,8.671729512764276,1.0179132223129272,8.673513412475586,3.2889555013751233,1.482372081872343,model.layers.19.mlp.gate_proj,896,1945.1607666015625,896,30.36491584777832,64.05948155275003,30.36491584777832,0.19179992377758026,4358144
Qwen/Qwen2.5-0.5B-Instruct,False,0.042603909969329834,4864,896,9.311273574829102,8.939350416380556,1.0248844623565674,8.98766803741455,3.23718531313734,0.9600566823153006,model.layers.19.mlp.up_proj,896,1726.574462890625,896,9.121298789978027,189.2904182447886,9.121298789978027,0.1716538518667221,4358144
Qwen/Qwen2.5-0.5B-Instruct,False,0.04359722137451172,896,4864,7.9533467292785645,7.642822385418496,1.0164780616760254,7.787591934204102,3.203892159523206,0.9609567702214039,model.layers.19.mlp.down_proj,896,1599.160888671875,896,9.140222549438477,174.95863804433498,9.140222549438477,0.06611672788858414,4358144
Qwen/Qwen2.5-0.5B-Instruct,False,0.08826467394828796,896,896,2.5833566188812256,2.3414485472569084,0.8783668875694275,3.2716946601867676,2.572711253463933,0.9063590098803005,model.layers.20.self_attn.q_proj,887,373.8619384765625,887,8.060444831848145,46.382296048894524,8.060444831848145,1.1786790309997741e-05,803712
Qwen/Qwen2.5-0.5B-Instruct,False,0.1120150089263916,128,896,2.3376047611236572,1.0513011381450594,0.8816729784011841,1.7533212900161743,1.7008687355491863,0.44973434159148107,model.layers.20.self_attn.k_proj,128,50.219078063964844,128,2.816659450531006,17.82930416188488,2.816659450531006,0.005976707674562931,114816
Qwen/Qwen2.5-0.5B-Instruct,False,0.046053946018218994,128,896,4.875472545623779,1.0802359363300784,0.9898266792297363,1.5141918659210205,1.8392800995088703,0.22156538186225608,model.layers.20.self_attn.v_proj,128,69.06851196289062,128,1.6655795574188232,41.46815542688772,1.6655795574188232,0.13935449719429016,114816
Qwen/Qwen2.5-0.5B-Instruct,False,0.06363117694854736,896,896,14.670626640319824,8.352219993154797,0.91031813621521,8.496444702148438,2.5539200093210432,0.5693158307362334,model.layers.20.self_attn.o_proj,888,358.0304870605469,888,3.7095038890838623,96.5170809266815,3.7095038890838623,1.3225549082562793e-05,802816
Qwen/Qwen2.5-0.5B-Instruct,False,0.032639920711517334,4864,896,5.5494279861450195,8.047876670825175,1.0154790878295898,8.05467700958252,3.2752758319925794,1.4502173360782242,model.layers.20.mlp.gate_proj,896,1884.8458251953125,896,28.19793701171875,66.8433944090304,28.19793701171875,0.1392480581998825,4358144
Qwen/Qwen2.5-0.5B-Instruct,False,0.050626128911972046,4864,896,8.259854316711426,8.379471954412546,1.0213323831558228,8.485138893127441,3.258722904039146,1.014481809619706,model.layers.20.mlp.up_proj,896,1814.357666015625,896,10.339077949523926,175.48544220997667,10.339077949523926,0.1423701047897339,4358144
Qwen/Qwen2.5-0.5B-Instruct,False,0.03513383865356445,896,4864,13.846883773803711,11.411037720666059,1.0202974081039429,11.469439506530762,3.2194716399792247,0.8240870586531593,model.layers.20.mlp.down_proj,896,1657.569091796875,896,6.66940450668335,248.53329710858594,6.66940450668335,0.046671587973833084,4358144
Qwen/Qwen2.5-0.5B-Instruct,False,0.09170201420783997,896,896,2.27221941947937,1.9487344140543785,0.8657935261726379,3.1025547981262207,2.560347129922394,0.8576347853328746,model.layers.21.self_attn.q_proj,883,363.3683776855469,883,7.205013275146484,50.43271452933711,7.205013275146484,1.0368683433625847e-05,803712
Qwen/Qwen2.5-0.5B-Instruct,False,0.0814221203327179,128,896,2.215115547180176,0.8829929491110475,0.8536139130592346,1.6688224077224731,1.6170364909342614,0.3986216205448472,model.layers.21.self_attn.k_proj,128,41.403446197509766,128,2.5039267539978027,16.53540628990224,2.5039267539978027,0.004840706940740347,114816
Qwen/Qwen2.5-0.5B-Instruct,False,0.13696762919425964,128,896,6.0770769119262695,1.6377110189618025,0.9714908003807068,2.566349983215332,2.0099377321142025,0.2694899279204107,model.layers.21.self_attn.v_proj,128,102.31462860107422,128,1.8599014282226562,55.01078016744537,1.8599014282226562,0.13252432644367218,114816
Qwen/Qwen2.5-0.5B-Instruct,False,0.049899980425834656,896,896,6.3496246337890625,4.681028554678399,0.9522015452384949,4.737838268280029,2.5887354554164492,0.737213429872476,model.layers.21.self_attn.o_proj,890,387.91400146484375,890,5.460261344909668,71.04311990972315,5.460261344909668,1.2229299500177149e-05,802816
Qwen/Qwen2.5-0.5B-Instruct,False,0.04338565468788147,4864,896,4.956894397735596,7.603031553133316,1.0118266344070435,7.62002420425415,3.2702694796434915,1.5338296407134528,model.layers.21.mlp.gate_proj,896,1863.242919921875,896,34.184532165527344,54.505438626444686,34.184532165527344,0.1242794618010521,4358144
Qwen/Qwen2.5-0.5B-Instruct,False,0.07232731580734253,4864,896,5.878193378448486,9.777918001491502,1.0135185718536377,9.77805233001709,3.2755881789785977,1.663422308857815,model.layers.21.mlp.up_proj,896,1886.201904296875,896,46.0704345703125,40.94169985347461,46.0704345703125,0.15389829874038696,4358144
Qwen/Qwen2.5-0.5B-Instruct,False,0.057364046573638916,896,4864,11.05794620513916,10.047228116430107,1.0187971591949463,10.09756088256836,3.2323072444032155,0.9085980280642599,model.layers.21.mlp.down_proj,896,1707.289794921875,896,8.102108001708984,210.72167818075926,8.102108001708984,0.04158827289938927,4358144
Qwen/Qwen2.5-0.5B-Instruct,False,0.08222448825836182,896,896,5.33138370513916,5.375989147782425,0.8608174920082092,5.576666355133057,2.556666454499773,1.0083665789427738,model.layers.22.self_attn.q_proj,884,360.30181884765625,884,10.194515228271484,35.342712309503966,10.194515228271484,1.080818401533179e-05,803712
Qwen/Qwen2.5-0.5B-Instruct,False,0.0939946174621582,128,896,2.0446314811706543,0.888137084583453,0.8525359034538269,1.5924623012542725,1.589643297331745,0.4343751393649431,model.layers.22.self_attn.k_proj,128,38.87257385253906,128,2.7187867164611816,14.297765108671804,2.7187867164611816,0.00752660958096385,114816
Qwen/Qwen2.5-0.5B-Instruct,False,0.07373702526092529,128,896,5.32284688949585,1.9612079123001163,0.9335078001022339,2.6039986610412598,1.9387338373820908,0.36845093481279356,model.layers.22.self_attn.v_proj,128,86.84280395507812,128,2.3358821868896484,37.17773286790373,2.3358821868896484,0.057781822979450226,114816
Qwen/Qwen2.5-0.5B-Instruct,False,0.058743685483932495,896,896,4.966811656951904,3.7931414449420973,0.9466732144355774,4.016818523406982,2.572871495888041,0.7636974596435413,model.layers.22.self_attn.o_proj,890,373.9999084472656,890,5.803599834442139,64.4427457295935,5.803599834442139,1.0006044249166735e-05,802816
Qwen/Qwen2.5-0.5B-Instruct,False,0.024736404418945312,4864,896,4.657649517059326,6.5768838863916566,1.0123950242996216,6.643787384033203,3.2436568166064683,1.412060710515648,model.layers.22.mlp.gate_proj,896,1752.4951171875,896,25.82621192932129,67.85722668053532,25.82621192932129,0.09975726157426834,4358144
Qwen/Qwen2.5-0.5B-Instruct,False,0.050736427307128906,4864,896,7.642746925354004,9.336578471584263,1.0200527906417847,9.34306526184082,3.2775006539732967,1.2216260151976448,model.layers.22.mlp.up_proj,896,1894.5263671875,896,16.65812110900879,113.72989515383769,16.65812110900879,0.06341855227947235,4358144
Qwen/Qwen2.5-0.5B-Instruct,False,0.035561829805374146,896,4864,10.183534622192383,8.259251197907982,1.0226013660430908,8.77816390991211,3.2417605527579036,0.8110397326984168,model.layers.22.mlp.down_proj,896,1744.85986328125,896,6.472018241882324,269.6005786865295,6.472018241882324,0.08087635040283203,4358144
Qwen/Qwen2.5-0.5B-Instruct,False,0.05826914310455322,896,896,3.5078840255737305,3.5462399857831466,0.8763918280601501,4.001172065734863,2.589510272248257,1.0109342155925873,model.layers.23.self_attn.q_proj,883,388.606689453125,883,10.254965782165527,37.89448913900359,10.254965782165527,1.1825943147414364e-05,803712
Qwen/Qwen2.5-0.5B-Instruct,False,0.0797010064125061,128,896,2.221583604812622,0.8753949072456912,0.8666216731071472,1.6078366041183472,1.6072679596886392,0.394040946894513,model.layers.23.self_attn.k_proj,128,40.48255920410156,128,2.4776556491851807,16.339057938666716,2.4776556491851807,0.005354680586606264,114816
Qwen/Qwen2.5-0.5B-Instruct,False,0.060652971267700195,128,896,3.6612820625305176,2.3495130969784594,0.9265986680984497,2.510288715362549,1.8705003315971964,0.6417186812847134,model.layers.23.self_attn.v_proj,128,74.21647644042969,128,4.382467269897461,16.934861544822482,4.382467269897461,0.010071150958538055,114816
Qwen/Qwen2.5-0.5B-Instruct,False,0.03025481104850769,896,896,3.3434245586395264,3.2768508194008454,0.920870840549469,3.5286929607391357,2.5235203028350455,0.9800881586914674,model.layers.23.self_attn.o_proj,888,333.82611083984375,888,9.551864624023438,34.948789998578256,9.551864624023438,1.0980695151374675e-05,802816
Qwen/Qwen2.5-0.5B-Instruct,False,0.038569629192352295,4864,896,4.36952543258667,7.931478358016895,1.0067979097366333,7.9353485107421875,3.2658121456772067,1.815180728521729,model.layers.23.mlp.gate_proj,896,1844.217529296875,896,65.34024047851562,28.22483535093918,65.34024047851562,0.08027740567922592,4358144
Qwen/Qwen2.5-0.5B-Instruct,False,0.06493633985519409,4864,896,5.222621440887451,8.641646927440172,1.0134755373001099,8.654786109924316,3.258633834140016,1.6546569620737712,model.layers.23.mlp.up_proj,896,1813.985595703125,896,45.14991760253906,40.17694144365644,45.14991760253906,0.055083017796278,4358144
Qwen/Qwen2.5-0.5B-Instruct,False,0.041723668575286865,896,4864,5.319116592407227,5.57727821446082,1.0214685201644897,5.7004008293151855,3.144181457023277,1.0485346800673832,model.layers.23.mlp.down_proj,896,1393.739013671875,896,11.182391166687012,124.63693971141913,11.182391166687012,0.0872139260172844,4358144
