model_id,is_adapter,D,M,N,alpha,alpha_weighted,entropy,log_alpha_norm,log_norm,log_spectral_norm,longname,matrix_rank,norm,num_evals,spectral_norm,stable_rank,xmax,xmin,params
Qwen/Qwen2.5-Coder-32B,False,0.019562840461730957,5120,5120,3.426769971847534,7.582617083655779,1.1585673093795776,7.970588207244873,4.144014926992027,2.2127592881781997,model.layers.0.self_attn.q_proj,5033,13932.046875,5085,163.21470642089844,85.36024222640825,163.21470642089844,1.0032935279014055e-05,26219520
Qwen/Qwen2.5-Coder-32B,False,0.028342843055725098,1024,5120,3.629565477371216,5.911870834286272,0.9995196461677551,6.601205348968506,3.685119460674922,1.6288095286183017,model.layers.0.self_attn.k_proj,1024,4843.0556640625,1024,42.54117965698242,113.84394375315809,42.54117965698242,0.015069537796080112,5243904
Qwen/Qwen2.5-Coder-32B,False,0.06674414873123169,1024,5120,5.375166416168213,7.012436653300051,1.0091328620910645,7.0973286628723145,3.190440518098163,1.3045989854764342,model.layers.0.self_attn.v_proj,1024,1550.388427734375,1024,20.165035247802734,76.88498476110087,20.165035247802734,0.11506021022796631,5243904
Qwen/Qwen2.5-Coder-32B,False,0.04062420129776001,5120,5120,3.655348300933838,7.7033053483817895,1.1734758615493774,7.962658405303955,3.949804869980499,2.1074066584609223,model.layers.0.self_attn.o_proj,5077,8908.505859375,5102,128.0579833984375,69.5661888697499,128.0579833984375,1.0091205695061944e-05,26214400
Qwen/Qwen2.5-Coder-32B,False,0.0273514986038208,27648,5120,4.411106586456299,10.981957474202156,1.1518089771270752,11.04094123840332,4.462193438213189,2.4896150793365,model.layers.0.mlp.gate_proj,5120,28986.34375,5120,308.7557678222656,93.8811409239354,308.7557678222656,0.005251110531389713,141557760
Qwen/Qwen2.5-Coder-32B,False,0.023592770099639893,27648,5120,7.128316402435303,15.887432381920307,1.1599825620651245,15.894928932189941,4.418989367407621,2.2287776643153157,model.layers.0.mlp.up_proj,5120,26241.54296875,5120,169.34706115722656,154.95717958982834,169.34706115722656,0.004841289948672056,141557760
Qwen/Qwen2.5-Coder-32B,False,0.025605469942092896,5120,27648,5.0180840492248535,11.712095393482544,1.2279441356658936,11.746097564697266,4.565975864298528,2.333977525803243,model.layers.0.mlp.down_proj,5120,36810.8515625,5120,215.76327514648438,170.60758619606906,215.76327514648438,0.8032368421554565,141557760
Qwen/Qwen2.5-Coder-32B,False,0.055512070655822754,5120,5120,1.5392842292785645,3.032926941681565,0.7500393986701965,3.6635682582855225,2.932716597154461,1.9703488699439509,model.layers.1.self_attn.q_proj,2294,856.478759765625,2808,93.40042877197266,9.169966037914323,93.40042877197266,1.0004266187024768e-05,26219520
Qwen/Qwen2.5-Coder-32B,False,0.03204619884490967,1024,5120,1.4595261812210083,2.613704883424948,0.6469742655754089,3.25541090965271,2.710453096917936,1.7907899954479602,model.layers.1.self_attn.k_proj,1010,513.396728515625,1018,61.77176284790039,8.311187909267758,61.77176284790039,1.0132308489119168e-05,5243904
Qwen/Qwen2.5-Coder-32B,False,0.07348188757896423,1024,5120,3.4812777042388916,3.927708480910157,0.8895293474197388,4.19998836517334,2.6475966470201975,1.128237622677352,model.layers.1.self_attn.v_proj,1024,444.218505859375,1024,13.434998512268066,33.064276520294385,13.434998512268066,6.984426727285609e-05,5243904
Qwen/Qwen2.5-Coder-32B,False,0.04069605469703674,5120,5120,2.976766586303711,7.2964714901606715,1.0694916248321533,7.377553462982178,3.730899325285963,2.45113994618597,model.layers.1.self_attn.o_proj,4918,5381.4501953125,5048,282.57904052734375,19.044052896739043,282.57904052734375,1.0345102054998279e-05,26214400
Qwen/Qwen2.5-Coder-32B,False,0.0410647988319397,27648,5120,2.399489402770996,7.976168433764881,0.7175325751304626,7.981471538543701,3.70419636250105,3.3241107147853137,model.layers.1.mlp.gate_proj,1829,5060.5341796875,2439,2109.165771484375,2.399306042277573,2109.165771484375,1.000975044007646e-05,141557760
Qwen/Qwen2.5-Coder-32B,False,0.02671736478805542,27648,5120,2.1617507934570312,4.791462709394923,0.9243292212486267,4.997373580932617,3.274202345294166,2.2164732049120732,model.layers.1.mlp.up_proj,2002,1880.192626953125,2440,164.61643981933594,11.421657697230046,164.61643981933594,1.0005468539020512e-05,141557760
Qwen/Qwen2.5-Coder-32B,False,0.024582982063293457,5120,27648,2.8438405990600586,8.961639169634665,1.086244821548462,8.964774131774902,3.6993614563070785,3.1512452465151006,model.layers.1.mlp.down_proj,1764,5004.5087890625,5120,1416.593505859375,3.5327768822620147,1416.593505859375,2.2691321646561846e-05,141557760
Qwen/Qwen2.5-Coder-32B,False,0.0600602924823761,5120,5120,1.6741886138916016,3.6261644131821775,0.8850525617599487,4.403591632843018,3.404171491301313,2.16592347068546,model.layers.2.self_attn.q_proj,3004,2536.1298828125,3629,146.52896118164062,17.308045197076474,146.52896118164062,1.0055640814243816e-05,26219520
Qwen/Qwen2.5-Coder-32B,False,0.047648996114730835,1024,5120,1.3984918594360352,2.7256595974368323,0.7069330811500549,3.5075016021728516,3.0036699623650436,1.9489992587700864,model.layers.2.self_attn.k_proj,1023,1008.4862060546875,1024,88.91996002197266,11.341505392101892,88.91996002197266,2.0248287910362706e-05,5243904
Qwen/Qwen2.5-Coder-32B,False,0.059677742421627045,1024,5120,5.849700927734375,5.820907139540033,0.9345229268074036,6.194325923919678,2.872243791163824,0.9950777332807176,model.layers.2.self_attn.v_proj,1024,745.150146484375,1024,9.887300491333008,75.36436736574936,9.887300491333008,0.0005870332824997604,5243904
Qwen/Qwen2.5-Coder-32B,False,0.06050446629524231,5120,5120,3.5437583923339844,6.453172833839451,1.1433833837509155,7.131534099578857,3.914019551500733,1.820996839908511,model.layers.2.self_attn.o_proj,5076,8203.884765625,5093,66.2211685180664,123.88613715547503,66.2211685180664,1.0652381206455175e-05,26214400
Qwen/Qwen2.5-Coder-32B,False,0.03363698720932007,27648,5120,2.51412296295166,8.928184517293987,0.9999811053276062,8.931017875671387,4.207237573575047,3.551212350732446,model.layers.2.mlp.gate_proj,5097,16115.26953125,5120,3558.052490234375,4.529238839359691,3558.052490234375,0.00013248834875412285,141557760
Qwen/Qwen2.5-Coder-32B,False,0.02794039249420166,27648,5120,2.8521981239318848,5.9920759054916255,1.124996542930603,6.4805731773376465,3.840040480271799,2.1008624384168924,model.layers.2.mlp.up_proj,5120,6918.95458984375,5120,126.14279174804688,54.85017807171593,126.14279174804688,0.00010384995403001085,141557760
Qwen/Qwen2.5-Coder-32B,False,0.01765817403793335,5120,27648,3.3011815547943115,7.225355081127431,1.2053848505020142,7.3463544845581055,4.132445591320348,2.1887178760689596,model.layers.2.mlp.down_proj,5120,13565.8056640625,5120,154.4250946044922,87.84715786515616,154.4250946044922,0.016786444932222366,141557760
Qwen/Qwen2.5-Coder-32B,False,0.06147870421409607,5120,5120,2.194645404815674,4.47462530518021,1.0309417247772217,5.299283027648926,3.6618963456206366,2.038883044778721,model.layers.3.self_attn.q_proj,4130,4590.88427734375,4545,109.36618041992188,41.977183986097096,109.36618041992188,1.0018754437624011e-05,26219520
Qwen/Qwen2.5-Coder-32B,False,0.04803025722503662,1024,5120,3.4708878993988037,5.9874089795205165,0.8774349689483643,6.330353736877441,3.211331700058601,1.725036691780683,model.layers.3.self_attn.k_proj,1024,1626.790771484375,1024,53.09292984008789,30.64044075895138,53.09292984008789,0.0010037757456302643,5243904
Qwen/Qwen2.5-Coder-32B,False,0.059114277362823486,1024,5120,5.447315692901611,4.712761430394016,0.9742398262023926,5.375462532043457,2.945046698914531,0.8651529847141424,model.layers.3.self_attn.v_proj,1024,881.1436157226562,1024,7.330827236175537,120.19702379213963,7.330827236175537,0.015308092348277569,5243904
Qwen/Qwen2.5-Coder-32B,False,0.030785441398620605,5120,5120,4.630712985992432,9.052822257477757,1.176622748374939,9.106291770935059,3.9852237108536963,1.9549521390900026,model.layers.3.self_attn.o_proj,5092,9665.486328125,5105,90.14717864990234,107.2189554113735,90.14717864990234,1.045341014105361e-05,26214400
Qwen/Qwen2.5-Coder-32B,False,0.03226444125175476,27648,5120,2.470022678375244,9.156186141920656,1.0571225881576538,9.165385246276855,4.532973371447186,3.706923916967233,model.layers.3.mlp.gate_proj,5120,34117.19921875,5120,5092.41650390625,6.69960895629406,5092.41650390625,0.011022860184311867,141557760
Qwen/Qwen2.5-Coder-32B,False,0.02063208818435669,27648,5120,3.680276870727539,8.248215307426305,1.1773415803909302,8.410629272460938,4.1420126708543945,2.2411942354205943,model.layers.3.mlp.up_proj,5120,13867.962890625,5120,174.25860595703125,79.58265713456107,174.25860595703125,0.011754731647670269,141557760
Qwen/Qwen2.5-Coder-32B,False,0.006847977638244629,5120,27648,3.907959222793579,8.67001856160107,1.2304630279541016,8.78713321685791,4.419714758117097,2.218553998985528,model.layers.3.mlp.down_proj,5120,26285.41015625,5120,165.40704345703125,158.91348764164516,165.40704345703125,0.330619215965271,141557760
Qwen/Qwen2.5-Coder-32B,False,0.03792855143547058,5120,5120,2.6304731369018555,5.822396516988171,1.058569073677063,6.376261234283447,3.7957868376106645,2.2134407819293416,model.layers.4.self_attn.q_proj,4344,6248.6591796875,4713,163.4710235595703,38.22487339727479,163.4710235595703,1.0048928743344732e-05,26219520
Qwen/Qwen2.5-Coder-32B,False,0.0704585611820221,1024,5120,2.2805707454681396,4.358816772583382,0.8756384253501892,4.960859298706055,3.3451834591090956,1.9112832966243434,model.layers.4.self_attn.k_proj,1024,2214.02978515625,1024,81.52359008789062,27.158148736694535,81.52359008789062,0.003992063459008932,5243904
Qwen/Qwen2.5-Coder-32B,False,0.06465566158294678,1024,5120,8.796253204345703,10.056013379468046,0.988910973072052,10.076470375061035,3.208011221137514,1.1432155425562296,model.layers.4.self_attn.v_proj,1024,1614.4002685546875,1024,13.906426429748535,116.09023185864437,13.906426429748535,0.07291529327630997,5243904
Qwen/Qwen2.5-Coder-32B,False,0.027044028043746948,5120,5120,4.316679954528809,9.55949917404518,1.1795282363891602,9.575667381286621,4.0766744995727,2.2145489762371455,model.layers.4.self_attn.o_proj,5089,11930.935546875,5107,163.88868713378906,72.79901837968406,163.88868713378906,1.0767056664917618e-05,26214400
Qwen/Qwen2.5-Coder-32B,False,0.02482566237449646,27648,5120,2.2569241523742676,8.285708653268061,1.1122606992721558,8.31042194366455,4.694511180726933,3.6712393035235844,model.layers.4.mlp.gate_proj,5120,49489.28515625,5120,4690.7177734375,10.550471707442496,4690.7177734375,0.01885726861655712,141557760
Qwen/Qwen2.5-Coder-32B,False,0.05220213532447815,27648,5120,3.1042912006378174,7.270006010012207,1.203819990158081,7.592382907867432,4.381037727813965,2.341921404963068,model.layers.4.mlp.up_proj,5120,24045.716796875,5120,219.7462158203125,109.4249414357938,219.7462158203125,0.021506480872631073,141557760
Qwen/Qwen2.5-Coder-32B,False,0.024373412132263184,5120,27648,4.658315181732178,11.968611647883003,1.2415003776550293,11.978196144104004,4.611956270651154,2.5693005262543265,model.layers.4.mlp.down_proj,5120,40921.9453125,5120,370.93731689453125,110.32037880442034,370.93731689453125,0.8113446235656738,141557760
Qwen/Qwen2.5-Coder-32B,False,0.03868210315704346,5120,5120,3.6237075328826904,9.739438144173727,1.1118286848068237,9.740790367126465,3.8877048065864046,2.6876998366438034,model.layers.5.self_attn.q_proj,4928,7721.5556640625,5063,487.191650390625,15.84911329632074,487.191650390625,1.071013139153365e-05,26219520
Qwen/Qwen2.5-Coder-32B,False,0.06424015760421753,1024,5120,3.8281943798065186,9.510434583814245,0.924247682094574,9.510578155517578,3.432214774074923,2.484313396932293,model.layers.5.self_attn.k_proj,1024,2705.2958984375,1024,305.009521484375,8.869545728512893,305.009521484375,0.025222264230251312,5243904
Qwen/Qwen2.5-Coder-32B,False,0.07307612895965576,1024,5120,11.89042854309082,11.52963150805117,1.0114293098449707,11.696066856384277,3.2741218092130735,0.9696565154290171,model.layers.5.self_attn.v_proj,1024,1879.843994140625,1024,9.325164794921875,201.58828669326203,9.325164794921875,0.12261000275611877,5243904
Qwen/Qwen2.5-Coder-32B,False,0.017040133476257324,5120,5120,4.098021507263184,7.793276577554116,1.1985167264938354,7.949722766876221,4.073388631838012,1.9017168562296702,model.layers.5.self_attn.o_proj,5103,11841.0068359375,5110,79.7474594116211,148.48130490050426,79.7474594116211,1.2470798537833616e-05,26214400
Qwen/Qwen2.5-Coder-32B,False,0.013290643692016602,27648,5120,2.4288763999938965,8.755116414231411,1.1624306440353394,8.773492813110352,4.793002752166381,3.6045952829272876,model.layers.5.mlp.gate_proj,5120,62087.296875,5120,4023.419189453125,15.431476053440777,4023.419189453125,0.009026535786688328,141557760
Qwen/Qwen2.5-Coder-32B,False,0.04525113105773926,27648,5120,3.576854705810547,7.137458457670471,1.2291921377182007,7.975496768951416,4.531903124877831,1.9954566357072812,model.layers.5.mlp.up_proj,5120,34033.2265625,5120,98.95930480957031,343.9113343408276,98.95930480957031,0.009568470530211926,141557760
Qwen/Qwen2.5-Coder-32B,False,0.03504270315170288,5120,27648,5.452370643615723,13.594620823287936,1.2480467557907104,13.596174240112305,4.698474626207436,2.493341284346859,model.layers.5.mlp.down_proj,5120,49943.0,5120,311.416259765625,160.37377122693465,311.416259765625,1.266890525817871,141557760
Qwen/Qwen2.5-Coder-32B,False,0.016834676265716553,5120,5120,3.228578805923462,8.51699256164994,1.129733920097351,8.523405075073242,3.9197576784651433,2.6380005177584156,model.layers.6.self_attn.q_proj,5016,8312.998046875,5092,434.5107421875,19.131858524426946,434.5107421875,1.0138939614989795e-05,26219520
Qwen/Qwen2.5-Coder-32B,False,0.037117719650268555,1024,5120,3.992323398590088,9.387377238891112,0.9485483169555664,9.387654304504395,3.4429799221752644,2.351356917179184,model.layers.6.self_attn.k_proj,1024,2773.19189453125,1024,224.5726776123047,12.34875018642652,224.5726776123047,0.028430836275219917,5243904
Qwen/Qwen2.5-Coder-32B,False,0.056993305683135986,1024,5120,8.469472885131836,8.675027564225399,1.0120729207992554,9.20485782623291,3.3404248452287724,1.0242700675569094,model.layers.6.self_attn.v_proj,1024,2189.90283203125,1024,10.574748992919922,207.08792553822778,10.574748992919922,0.11033012717962265,5243904
Qwen/Qwen2.5-Coder-32B,False,0.026778042316436768,5120,5120,3.9611244201660156,7.572232304547671,1.1908553838729858,7.86899995803833,4.07640439629412,1.9116370760780874,model.layers.6.self_attn.o_proj,5101,11923.517578125,5109,81.59002685546875,146.13940009171353,81.59002685546875,1.27171279018512e-05,26214400
Qwen/Qwen2.5-Coder-32B,False,0.010479211807250977,27648,5120,2.791260242462158,9.878942334593416,1.1945655345916748,9.882830619812012,4.8154263891674125,3.5392408720296338,model.layers.6.mlp.gate_proj,5120,65377.2109375,5120,3461.31298828125,18.887980127438205,3461.31298828125,0.016726460307836533,141557760
Qwen/Qwen2.5-Coder-32B,False,0.03174400329589844,27648,5120,3.9362986087799072,7.879666769620834,1.2383008003234863,8.604809761047363,4.596123588886396,2.0017959897771096,model.layers.6.mlp.up_proj,5120,39456.95703125,5120,100.41439819335938,392.9412289587309,100.41439819335938,0.0175909586250782,141557760
Qwen/Qwen2.5-Coder-32B,False,0.03020656108856201,5120,27648,5.25272274017334,13.589670142164598,1.2477842569351196,13.59183120727539,4.733801644344461,2.587166849342621,model.layers.6.mlp.down_proj,5120,54175.33984375,5120,386.51544189453125,140.16345525085868,386.51544189453125,1.4607120752334595,141557760
Qwen/Qwen2.5-Coder-32B,False,0.018048539757728577,5120,5120,3.654731273651123,8.780166150648556,1.163654088973999,8.79896068572998,4.0200502475391255,2.402410873256095,model.layers.7.self_attn.q_proj,5067,10472.4970703125,5100,252.58692932128906,41.46096196843007,252.58692932128906,1.064354000845924e-05,26219520
Qwen/Qwen2.5-Coder-32B,False,0.03759865462779999,1024,5120,4.3337249755859375,8.671696825406121,0.9881268739700317,8.67561149597168,3.477718211230843,2.000979959332484,model.layers.7.self_attn.k_proj,1024,3004.12646484375,1024,100.22589874267578,29.97355476508793,100.22589874267578,0.0742545798420906,5243904
Qwen/Qwen2.5-Coder-32B,False,0.07928997278213501,1024,5120,21.730512619018555,19.654061780398933,1.023203730583191,20.117116928100586,3.4201528046972935,0.9044453817070882,model.layers.7.self_attn.v_proj,1024,2631.193603515625,1024,8.025006294250488,327.87433517662686,8.025006294250488,0.257405549287796,5243904
Qwen/Qwen2.5-Coder-32B,False,0.0291595458984375,5120,5120,4.900162696838379,9.376504793433687,1.1964783668518066,9.439462661743164,4.110030767372423,1.9135088717530702,model.layers.7.self_attn.o_proj,5104,12883.408203125,5111,81.94243621826172,157.22510579022546,81.94243621826172,1.1626365449046716e-05,26214400
Qwen/Qwen2.5-Coder-32B,False,0.009817302227020264,27648,5120,3.116985321044922,10.905673961708354,1.2140921354293823,10.907822608947754,4.898065373490395,3.4987890023339583,model.layers.7.mlp.gate_proj,5120,79079.765625,5120,3153.47216796875,25.07704568578379,3153.47216796875,0.011315575800836086,141557760
Qwen/Qwen2.5-Coder-32B,False,0.02367725968360901,27648,5120,6.993649959564209,13.1806987440069,1.2486239671707153,13.408991813659668,4.721814284964812,1.8846666361935307,model.layers.7.mlp.up_proj,5120,52700.4453125,5120,76.6772689819336,687.3020650346464,76.6772689819336,0.012682630680501461,141557760
Qwen/Qwen2.5-Coder-32B,False,0.015978336334228516,5120,27648,4.633077621459961,10.245371437883646,1.2498857975006104,10.476888656616211,4.790985016267351,2.2113532893185495,model.layers.7.mlp.down_proj,5120,61799.5078125,5120,162.68716430664062,379.86713995467585,162.68716430664062,1.7554428577423096,141557760
Qwen/Qwen2.5-Coder-32B,False,0.0351502001285553,5120,5120,3.22676682472229,7.820808770981856,1.1408156156539917,7.84318208694458,3.8893418137909217,2.4237291368752527,model.layers.8.self_attn.q_proj,5040,7750.7158203125,5092,265.2950439453125,29.215456516067523,265.2950439453125,1.0437320270284545e-05,26219520
Qwen/Qwen2.5-Coder-32B,False,0.031218767166137695,1024,5120,4.159145832061768,8.35752091871111,0.9680176973342896,8.362424850463867,3.404503398590704,2.0094320459468302,model.layers.8.self_attn.k_proj,1024,2538.06884765625,1024,102.19556427001953,24.835411064908882,102.19556427001953,0.0023784488439559937,5243904
Qwen/Qwen2.5-Coder-32B,False,0.07317155599594116,1024,5120,6.7917327880859375,7.361114860808883,1.0082499980926514,8.173371315002441,3.3868771086023948,1.083834581025001,model.layers.8.self_attn.v_proj,1024,2437.12109375,1024,12.129267692565918,200.92895593719334,12.129267692565918,0.1245330274105072,5243904
Qwen/Qwen2.5-Coder-32B,False,0.03618311882019043,5120,5120,4.471973419189453,9.173988447411558,1.183276891708374,9.238168716430664,4.058653111660417,2.051440737112956,model.layers.8.self_attn.o_proj,5096,11445.9833984375,5109,112.5746841430664,101.67457706469142,112.5746841430664,1.0849264981516171e-05,26214400
Qwen/Qwen2.5-Coder-32B,False,0.024427056312561035,27648,5120,2.767028331756592,9.144005373373895,1.2196011543273926,9.201087951660156,4.935128762171069,3.304630194215976,model.layers.8.mlp.gate_proj,5120,86124.90625,5120,2016.6484375,42.70695112171727,2016.6484375,0.06504108011722565,141557760
Qwen/Qwen2.5-Coder-32B,False,0.033283114433288574,27648,5120,9.445416450500488,17.592758095384408,1.2514241933822632,17.710121154785156,4.780541001932626,1.8625709292523798,model.layers.8.mlp.up_proj,5120,60331.06640625,5120,72.87371826171875,827.885112017709,72.87371826171875,0.10434150695800781,141557760
Qwen/Qwen2.5-Coder-32B,False,0.01870065927505493,5120,27648,4.608856201171875,9.857670908311967,1.2492343187332153,10.184998512268066,4.79197152968635,2.138854083971094,model.layers.8.mlp.down_proj,5120,61940.046875,5120,137.6746826171875,449.9015047467218,137.6746826171875,2.0085456371307373,141557760
Qwen/Qwen2.5-Coder-32B,False,0.03510814905166626,5120,5120,3.4615061283111572,6.702148154536903,1.1699233055114746,7.166752815246582,4.002814369151731,1.936194218961799,model.layers.9.self_attn.q_proj,5085,10065.013671875,5099,86.33645629882812,116.57895289375708,86.33645629882812,1.0591505088086706e-05,26219520
Qwen/Qwen2.5-Coder-32B,False,0.03211945295333862,1024,5120,4.787740707397461,7.857060552587193,0.990270733833313,7.942041397094727,3.4698444432126268,1.6410789624524518,model.layers.9.self_attn.k_proj,1024,2950.15234375,1024,43.76016616821289,67.41638805505661,43.76016616821289,0.024817220866680145,5243904
Qwen/Qwen2.5-Coder-32B,False,0.10035032033920288,1024,5120,20.496347427368164,19.385652555207425,1.019031047821045,20.022066116333008,3.4342015455889316,0.9458101070887557,model.layers.9.self_attn.v_proj,1024,2717.7001953125,1024,8.82693862915039,307.8870613575438,8.82693862915039,0.18561412394046783,5243904
Qwen/Qwen2.5-Coder-32B,False,0.04959583282470703,5120,5120,5.401108741760254,9.266637655318641,1.1906428337097168,9.675491333007812,4.100164059402027,1.7156917400442095,model.layers.9.self_attn.o_proj,5107,12594.0107421875,5110,51.962703704833984,242.36634825096496,51.962703704833984,1.1962286407651845e-05,26214400
Qwen/Qwen2.5-Coder-32B,False,0.02035999298095703,27648,5120,3.219353437423706,10.43721089866211,1.225909948348999,10.442388534545898,4.838930906628243,3.242020828571873,model.layers.9.mlp.gate_proj,5120,69013.0,5120,1745.9058837890625,39.52847667265095,1745.9058837890625,0.1606346070766449,141557760
Qwen/Qwen2.5-Coder-32B,False,0.01875707507133484,27648,5120,7.983863353729248,15.341652083344512,1.247806191444397,15.63815689086914,4.81311307573529,1.92158249754844,model.layers.9.mlp.up_proj,5120,65029.8984375,5120,83.48001098632812,778.9876602693574,83.48001098632812,0.17132052779197693,141557760
Qwen/Qwen2.5-Coder-32B,False,0.026824146509170532,5120,27648,4.055133819580078,9.105884898321163,1.2457528114318848,9.598177909851074,4.826565638553295,2.245520198212375,model.layers.9.mlp.down_proj,5120,67075.765625,5120,176.0030517578125,381.10569649268945,176.0030517578125,1.9209171533584595,141557760
Qwen/Qwen2.5-Coder-32B,False,0.02553766965866089,5120,5120,4.029851913452148,7.334413914563705,1.1881271600723267,7.920712947845459,4.096948962047807,1.820020703510349,model.layers.10.self_attn.q_proj,5098,12501.12109375,5105,66.07249450683594,189.2031046664451,66.07249450683594,1.0528811799304094e-05,26219520
Qwen/Qwen2.5-Coder-32B,False,0.031523287296295166,1024,5120,5.698062419891357,8.656132680262667,1.006748080253601,8.757779121398926,3.5397019231467475,1.5191361628551112,model.layers.10.self_attn.k_proj,1024,3464.989501953125,1024,33.04731369018555,104.84935430567732,33.04731369018555,0.08725376427173615,5243904
Qwen/Qwen2.5-Coder-32B,False,0.07401268184185028,1024,5120,17.67819595336914,16.86432430202885,1.02207612991333,17.164932250976562,3.417819928516534,0.9539618378771743,model.layers.10.self_attn.v_proj,1024,2617.09765625,1024,8.994185447692871,290.9766172234441,8.994185447692871,0.36885324120521545,5243904
Qwen/Qwen2.5-Coder-32B,False,0.02848297357559204,5120,5120,5.501542091369629,9.50567886965399,1.1927026510238647,9.890082359313965,4.105091522209239,1.7278208022012091,model.layers.10.self_attn.o_proj,5107,12737.71484375,5109,53.434383392333984,238.3804965096206,53.434383392333984,1.460381827200763e-05,26214400
Qwen/Qwen2.5-Coder-32B,False,0.027405142784118652,27648,5120,2.9986343383789062,8.71429887995872,1.226511836051941,8.864617347717285,4.845483934986269,2.9060892048177385,model.layers.10.mlp.gate_proj,5120,70062.2265625,5120,805.5438842773438,86.97505862806354,805.5438842773438,0.26188573241233826,141557760
Qwen/Qwen2.5-Coder-32B,False,0.03652215003967285,27648,5120,7.951364040374756,16.117478941308615,1.2484346628189087,16.210567474365234,4.8252020964774625,2.027008052891134,model.layers.10.mlp.up_proj,5120,66865.5,5120,106.41627502441406,628.3390391616291,106.41627502441406,0.29070091247558594,141557760
Qwen/Qwen2.5-Coder-32B,False,0.010313034057617188,5120,27648,4.473048210144043,10.078021855047949,1.247917890548706,10.4010591506958,4.834375247028014,2.253054602048077,model.layers.10.mlp.down_proj,5120,68292.8515625,5120,179.08309936523438,381.34727288374023,179.08309936523438,1.8432120084762573,141557760
Qwen/Qwen2.5-Coder-32B,False,0.0436939001083374,5120,5120,3.0567386150360107,6.120471947692015,1.1541101932525635,6.688873767852783,3.9771436976616186,2.002288294323102,model.layers.11.self_attn.q_proj,5078,9487.3232421875,5096,100.52828979492188,94.37466072029753,100.52828979492188,1.0637774721544702e-05,26219520
Qwen/Qwen2.5-Coder-32B,False,0.050376832485198975,1024,5120,5.003932952880859,8.345692132573317,0.9763339757919312,8.452859878540039,3.4660136283747516,1.6678265298835677,model.layers.11.self_attn.k_proj,1024,2924.244140625,1024,46.540016174316406,62.83289910498086,46.540016174316406,0.012591665610671043,5243904
Qwen/Qwen2.5-Coder-32B,False,0.07839858531951904,1024,5120,5.4190521240234375,6.133529998637914,1.007038950920105,7.178260326385498,3.434989074223596,1.1318455438815753,model.layers.11.self_attn.v_proj,1024,2722.6328125,1024,13.547075271606445,200.9756909084586,13.547075271606445,0.108083076775074,5243904
Qwen/Qwen2.5-Coder-32B,False,0.042024970054626465,5120,5120,6.148292541503906,10.475935235267912,1.1853258609771729,10.974015235900879,4.0912808578990685,1.7038771601302887,model.layers.11.self_attn.o_proj,5107,12339.025390625,5110,50.56816101074219,244.00779352058743,50.56816101074219,1.0201589248026721e-05,26214400
Qwen/Qwen2.5-Coder-32B,False,0.014136016368865967,27648,5120,3.068988084793091,8.988792863780361,1.2229565382003784,9.214183807373047,4.8616786912378345,2.928910968511101,model.layers.11.mlp.gate_proj,5120,72724.15625,5120,849.0064086914062,85.6579591219947,849.0064086914062,0.19114139676094055,141557760
Qwen/Qwen2.5-Coder-32B,False,0.03618359565734863,27648,5120,6.653062343597412,12.040537749882922,1.2475817203521729,13.287134170532227,4.812238815340907,1.809773774549123,model.layers.11.mlp.up_proj,5120,64899.12109375,5120,64.53179931640625,1005.6921049968363,64.53179931640625,0.134802907705307,141557760
Qwen/Qwen2.5-Coder-32B,False,0.010848283767700195,5120,27648,5.374908447265625,10.805086596476565,1.2501012086868286,11.513006210327148,4.825123133899532,2.0102829103951403,model.layers.11.mlp.down_proj,5120,66853.34375,5120,102.39598083496094,652.8903107803851,102.39598083496094,1.5868827104568481,141557760
Qwen/Qwen2.5-Coder-32B,False,0.044188737869262695,5120,5120,3.4107961654663086,6.595775230222223,1.1687496900558472,7.214099884033203,4.028670281154952,1.9337934342143481,model.layers.12.self_attn.q_proj,5087,10682.435546875,5097,85.86050415039062,124.416175429904,85.86050415039062,1.2236361726536416e-05,26219520
Qwen/Qwen2.5-Coder-32B,False,0.04237091541290283,1024,5120,6.451358318328857,9.937160449167655,0.9903927445411682,10.028789520263672,3.4846706084578063,1.540320651689015,model.layers.12.self_attn.k_proj,1024,3052.60498046875,1024,34.69929504394531,87.9731123241191,34.69929504394531,0.0030251548159867525,5243904
Qwen/Qwen2.5-Coder-32B,False,0.08813554048538208,1024,5120,7.568362236022949,7.550158335768396,1.0176382064819336,8.660311698913574,3.453765783013453,0.997594737185291,model.layers.12.self_attn.v_proj,1024,2842.927490234375,1024,9.944769859313965,285.8716220136333,9.944769859313965,0.08196941763162613,5243904
Qwen/Qwen2.5-Coder-32B,False,0.03935074806213379,5120,5120,3.853671073913574,6.177533554975502,1.1937410831451416,7.238698482513428,4.091813570421229,1.603025643987291,model.layers.12.self_attn.o_proj,5107,12354.169921875,5109,40.08903884887695,308.1682743366916,40.08903884887695,1.0516224392631557e-05,26214400
Qwen/Qwen2.5-Coder-32B,False,0.013187646865844727,27648,5120,3.3455634117126465,9.788370621186335,1.234441876411438,9.826064109802246,4.853822411208814,2.9257764437875395,model.layers.12.mlp.gate_proj,5120,71420.421875,5120,842.9007568359375,84.73170927393211,842.9007568359375,0.20388607680797577,141557760
Qwen/Qwen2.5-Coder-32B,False,0.03732132911682129,27648,5120,9.963854789733887,18.441480570031846,1.2490179538726807,18.893117904663086,4.82954076056371,1.8508379496891865,model.layers.12.mlp.up_proj,5120,67536.84375,5120,70.93130493164062,952.144385544408,70.93130493164062,0.22288893163204193,141557760
Qwen/Qwen2.5-Coder-32B,False,0.011332482099533081,5120,27648,5.314785003662109,10.521312785121138,1.2501291036605835,11.294754981994629,4.843309830104375,1.979630931048295,model.layers.12.mlp.down_proj,5120,69712.3671875,5120,95.41813659667969,730.5987066396539,95.41813659667969,1.6290407180786133,141557760
Qwen/Qwen2.5-Coder-32B,False,0.0486263632774353,5120,5120,3.6257474422454834,6.922606895061645,1.1699656248092651,7.420154571533203,3.995197535210712,1.909290982157975,model.layers.13.self_attn.q_proj,5088,9890.0283203125,5099,81.15045928955078,121.87273377004749,81.15045928955078,1.0148691217182204e-05,26219520
Qwen/Qwen2.5-Coder-32B,False,0.05011749267578125,1024,5120,5.1966657638549805,8.421631820229205,0.9928120970726013,8.477771759033203,3.450662574646355,1.6205836978789812,model.layers.13.self_attn.k_proj,1024,2822.68603515625,1024,41.743003845214844,67.62057770501883,41.743003845214844,0.021378789097070694,5243904
Qwen/Qwen2.5-Coder-32B,False,0.07277283072471619,1024,5120,5.94154167175293,6.2860378436699245,1.0147273540496826,7.3590850830078125,3.450588193277055,1.0579809401244775,model.layers.13.self_attn.v_proj,1024,2822.20263671875,1024,11.428281784057617,246.94898936213713,11.428281784057617,0.09714242815971375,5243904
Qwen/Qwen2.5-Coder-32B,False,0.039140671491622925,5120,5120,4.077295303344727,7.082037547701259,1.1938297748565674,7.65975284576416,4.087323762425962,1.7369449649358615,model.layers.13.self_attn.o_proj,5104,12227.1083984375,5108,54.568870544433594,224.06746330733338,54.568870544433594,1.1721172086254228e-05,26214400
Qwen/Qwen2.5-Coder-32B,False,0.01248258352279663,27648,5120,3.7774598598480225,11.22313908768329,1.2395315170288086,11.226937294006348,4.855507183254703,2.9710809655393207,model.layers.13.mlp.gate_proj,5120,71698.0234375,5120,935.580078125,76.63483341927322,935.580078125,0.2003418207168579,141557760
Qwen/Qwen2.5-Coder-32B,False,0.020045936107635498,27648,5120,9.055168151855469,17.14723796790184,1.2508838176727295,17.268596649169922,4.824789465109696,1.8936410324294475,model.layers.13.mlp.up_proj,5120,66802.0,5120,78.27823638916016,853.3917354485855,78.27823638916016,0.21470816433429718,141557760
Qwen/Qwen2.5-Coder-32B,False,0.013539612293243408,5120,27648,5.906216621398926,11.629410064404157,1.2509069442749023,12.254536628723145,4.836547714255202,1.9690117735047883,model.layers.13.mlp.down_proj,5120,68635.328125,5120,93.11331176757812,737.1161740688799,93.11331176757812,1.6360628604888916,141557760
Qwen/Qwen2.5-Coder-32B,False,0.045885950326919556,5120,5120,3.4102354049682617,6.320435453583624,1.1827480792999268,6.984151363372803,4.075699473704218,1.8533721878482599,model.layers.14.self_attn.q_proj,5094,11904.1796875,5102,71.34642028808594,166.8504129489993,71.34642028808594,1.0741149708337616e-05,26219520
Qwen/Qwen2.5-Coder-32B,False,0.03533726930618286,1024,5120,5.902584552764893,9.07729571896239,1.003785490989685,9.134892463684082,3.5130096229995913,1.5378510274300767,model.layers.14.self_attn.k_proj,1024,3258.439208984375,1024,34.50253677368164,94.44056911983051,34.50253677368164,0.043453704565763474,5243904
Qwen/Qwen2.5-Coder-32B,False,0.08064967393875122,1024,5120,7.415224552154541,7.135485701751282,1.0231823921203613,8.18946361541748,3.424499764657156,0.9622750668660494,model.layers.14.self_attn.v_proj,1024,2657.662109375,1024,9.168009757995605,289.884301994465,9.168009757995605,0.15080232918262482,5243904
Qwen/Qwen2.5-Coder-32B,False,0.036540985107421875,5120,5120,4.989836692810059,8.031075985580467,1.1978741884231567,8.763258934020996,4.095779308854991,1.6094867387448937,model.layers.14.self_attn.o_proj,5109,12467.498046875,5111,40.689910888671875,306.4026874127652,40.689910888671875,1.1432851351855788e-05,26214400
Qwen/Qwen2.5-Coder-32B,False,0.006808608770370483,27648,5120,3.917125701904297,11.697194198261043,1.2403713464736938,11.699356079101562,4.857856246128363,2.9861676873362764,model.layers.14.mlp.gate_proj,5120,72086.8828125,5120,968.6517944335938,74.41981032477398,968.6517944335938,0.21678440272808075,141557760
Qwen/Qwen2.5-Coder-32B,False,0.025716662406921387,27648,5120,8.511289596557617,15.760749513768097,1.2516945600509644,16.08208465576172,4.824579394439236,1.8517463581714475,model.layers.14.mlp.up_proj,5120,66769.6953125,5120,71.07982635498047,939.3621050654344,71.07982635498047,0.23027412593364716,141557760
Qwen/Qwen2.5-Coder-32B,False,0.01962989568710327,5120,27648,6.525414943695068,13.239585913253487,1.2509150505065918,13.46384334564209,4.834794857174882,2.0289262870625153,model.layers.14.mlp.down_proj,5120,68358.8671875,5120,106.88734436035156,639.5412627807489,106.88734436035156,1.648293375968933,141557760
Qwen/Qwen2.5-Coder-32B,False,0.034372419118881226,5120,5120,4.179996490478516,8.210816519103528,1.1791490316390991,8.493485450744629,4.059075910499872,1.9643118212674802,model.layers.15.self_attn.q_proj,5095,11457.1318359375,5104,92.11106872558594,124.38387692656336,92.11106872558594,1.3229821888671722e-05,26219520
Qwen/Qwen2.5-Coder-32B,False,0.032053470611572266,1024,5120,4.969793319702148,7.849130808726012,0.998189389705658,7.968931198120117,3.489315241544309,1.5793676524955427,model.layers.15.self_attn.k_proj,1024,3085.4267578125,1024,37.963623046875,81.27324291474544,37.963623046875,0.035010650753974915,5243904
Qwen/Qwen2.5-Coder-32B,False,0.11398845911026001,1024,5120,43.38481140136719,40.09729847969676,1.0263837575912476,inf,3.466468906134877,0.9242243353035107,model.layers.15.self_attn.v_proj,1024,2927.311279296875,1024,8.398937225341797,348.53353475061215,8.398937225341797,0.4879065454006195,5243904
Qwen/Qwen2.5-Coder-32B,False,0.02599775791168213,5120,5120,6.261580944061279,9.456481472214858,1.1985965967178345,10.312159538269043,4.116562606393345,1.5102386372859626,model.layers.15.self_attn.o_proj,5110,13078.640625,5112,32.37715148925781,403.94661121869444,32.37715148925781,1.0087774171552155e-05,26214400
Qwen/Qwen2.5-Coder-32B,False,0.009903192520141602,27648,5120,3.926362991333008,12.201444541763296,1.238782525062561,12.202129364013672,4.864028015869548,3.1075691597278636,model.layers.15.mlp.gate_proj,5120,73118.625,5120,1281.05908203125,57.07670007230498,1281.05908203125,0.19375796616077423,141557760
Qwen/Qwen2.5-Coder-32B,False,0.023245036602020264,27648,5120,10.017481803894043,18.62769942049614,1.251774787902832,18.718612670898438,4.813062880622404,1.8595191671079543,model.layers.15.mlp.up_proj,5120,65022.3828125,5120,72.36343383789062,898.5530310538313,72.36343383789062,0.22337353229522705,141557760
Qwen/Qwen2.5-Coder-32B,False,0.013749092817306519,5120,27648,7.1009979248046875,13.318627305891262,1.2518506050109863,13.87134075164795,4.8275493838955175,1.8755993801050983,model.layers.15.mlp.down_proj,5120,67227.875,5120,75.09298706054688,895.2616966188161,75.09298706054688,1.571433186531067,141557760
Qwen/Qwen2.5-Coder-32B,False,0.039402127265930176,5120,5120,4.043793678283691,8.21565768861482,1.1654447317123413,8.411005020141602,4.010298879782194,2.031670837395887,model.layers.16.self_attn.q_proj,5086,10239.974609375,5101,107.5649642944336,95.19804777088473,107.5649642944336,1.0699279300752096e-05,26219520
Qwen/Qwen2.5-Coder-32B,False,0.04992568492889404,1024,5120,3.5195388793945312,6.004235001938112,0.9810354113578796,6.257207870483398,3.4705954817387843,1.7059720627297135,model.layers.16.self_attn.k_proj,1024,2955.258544921875,1024,50.81267547607422,58.15986891525512,50.81267547607422,0.030455201864242554,5243904
Qwen/Qwen2.5-Coder-32B,False,0.045218877494335175,1024,5120,8.11581039428711,8.746184102254144,1.0185213088989258,9.347185134887695,3.445759608551073,1.0776723059487403,model.layers.16.self_attn.v_proj,1024,2790.99853515625,1024,11.958378791809082,233.39271850695602,11.958378791809082,0.07656379044055939,5243904
Qwen/Qwen2.5-Coder-32B,False,0.04079747200012207,5120,5120,4.328741073608398,7.182495403514992,1.1944360733032227,7.924185276031494,4.0823423115158715,1.659257340963508,model.layers.16.self_attn.o_proj,5107,12087.662109375,5110,45.63072204589844,264.90183734582195,45.63072204589844,1.0487259714864194e-05,26214400
Qwen/Qwen2.5-Coder-32B,False,0.006559133529663086,27648,5120,4.3272857666015625,12.901161383361293,1.2425631284713745,12.901636123657227,4.854333279259072,2.9813518402075005,model.layers.16.mlp.gate_proj,5120,71504.484375,5120,957.9698486328125,74.64168572429412,957.9698486328125,0.1976892054080963,141557760
Qwen/Qwen2.5-Coder-32B,False,0.018930912017822266,27648,5120,8.444263458251953,16.18354292642167,1.2519232034683228,16.282052993774414,4.819710105696115,1.9165132644702947,model.layers.16.mlp.up_proj,5120,66025.2578125,5120,82.51126861572266,800.1968569892862,82.51126861572266,0.2178710252046585,141557760
Qwen/Qwen2.5-Coder-32B,False,0.031201034784317017,5120,27648,6.251151084899902,11.699134163387322,1.2507919073104858,12.53586196899414,4.83086818185171,1.8715167821887089,model.layers.16.mlp.down_proj,5120,67743.5859375,5120,74.390380859375,910.6498065329189,74.390380859375,1.5683870315551758,141557760
Qwen/Qwen2.5-Coder-32B,False,0.04462668299674988,5120,5120,4.76901388168335,8.907748089973015,1.1785566806793213,9.127111434936523,4.031065327620354,1.8678385743823398,model.layers.17.self_attn.q_proj,5095,10741.509765625,5104,73.76300048828125,145.62192012961168,73.76300048828125,1.0808028491737787e-05,26219520
Qwen/Qwen2.5-Coder-32B,False,0.03368818759918213,1024,5120,5.627651214599609,9.028717169181698,0.9936956763267517,9.09000015258789,3.493884612126756,1.604349101408209,model.layers.17.self_attn.k_proj,1024,3118.06103515625,1024,40.21139144897461,77.54173438919285,40.21139144897461,0.06070660799741745,5243904
Qwen/Qwen2.5-Coder-32B,False,0.08677861094474792,1024,5120,8.833097457885742,8.990633014492804,1.0163054466247559,9.856097221374512,3.4066279884555195,1.017834690193124,model.layers.17.self_attn.v_proj,1024,2550.515625,1024,10.419207572937012,244.78978916062132,10.419207572937012,0.08466242998838425,5243904
Qwen/Qwen2.5-Coder-32B,False,0.04898020625114441,5120,5120,4.128620147705078,6.44731212516845,1.196262240409851,7.503233432769775,4.066731212651265,1.5616142668761215,model.layers.17.self_attn.o_proj,5108,11660.876953125,5111,36.44301223754883,319.9756616471536,36.44301223754883,1.0382646905782167e-05,26214400
Qwen/Qwen2.5-Coder-32B,False,0.008024990558624268,27648,5120,4.439681053161621,13.033116782189047,1.2437496185302734,13.033588409423828,4.848286610548918,2.9355975409332165,model.layers.17.mlp.gate_proj,5120,70515.828125,5120,862.17919921875,81.78790231647527,862.17919921875,0.24856455624103546,141557760
Qwen/Qwen2.5-Coder-32B,False,0.012856721878051758,27648,5120,7.863184452056885,15.417857269427792,1.251822590827942,15.497844696044922,4.820349008718037,1.9607650517971411,model.layers.17.mlp.up_proj,5120,66122.4609375,5120,91.36188507080078,723.7423011385818,91.36188507080078,0.2692809998989105,141557760
Qwen/Qwen2.5-Coder-32B,False,0.033751487731933594,5120,27648,5.249483585357666,10.132841368801815,1.248952865600586,11.124431610107422,4.829607873537406,1.9302548915602389,model.layers.17.mlp.down_proj,5120,67547.28125,5120,85.16377258300781,793.145714442872,85.16377258300781,1.638013243675232,141557760
Qwen/Qwen2.5-Coder-32B,False,0.037652790546417236,5120,5120,4.071564674377441,7.878944935099696,1.1765578985214233,8.13011360168457,4.009585164514663,1.9351147691899107,model.layers.18.self_attn.q_proj,5093,10223.16015625,5103,86.12213134765625,118.70537800535072,86.12213134765625,1.2453787348931655e-05,26219520
Qwen/Qwen2.5-Coder-32B,False,0.052334487438201904,1024,5120,5.505105972290039,8.662440346688001,0.9901246428489685,8.7855863571167,3.4750995681669443,1.5735283553650758,model.layers.18.self_attn.k_proj,1024,2986.067138671875,1024,37.456600189208984,79.72072007571425,37.456600189208984,0.016415320336818695,5243904
Qwen/Qwen2.5-Coder-32B,False,0.06991720199584961,1024,5120,8.348150253295898,8.904534173612776,1.0178617238998413,9.54206657409668,3.4448269507918927,1.0666475690344952,model.layers.18.self_attn.v_proj,1024,2785.01123046875,1024,11.658631324768066,238.87977524018277,11.658631324768066,0.0839175432920456,5243904
Qwen/Qwen2.5-Coder-32B,False,0.04826447367668152,5120,5120,4.672433853149414,7.439156178972934,1.1955655813217163,8.25275707244873,4.075260499737109,1.5921372913516227,model.layers.18.self_attn.o_proj,5108,11892.1533203125,5111,39.0964469909668,304.17478404265665,39.0964469909668,1.1447250471974257e-05,26214400
Qwen/Qwen2.5-Coder-32B,False,0.008332788944244385,27648,5120,4.113349914550781,11.937589943748248,1.2430564165115356,11.93935489654541,4.843273423153083,2.902157655374659,model.layers.18.mlp.gate_proj,5120,69706.5234375,5120,798.284423828125,87.32041031594548,798.284423828125,0.3576059937477112,141557760
Qwen/Qwen2.5-Coder-32B,False,0.01916295289993286,27648,5120,6.9904937744140625,13.809968690289454,1.2511264085769653,13.98258113861084,4.819369524710526,1.975535510929912,model.layers.18.mlp.up_proj,5120,65973.5,5120,94.52256774902344,697.9655924622467,94.52256774902344,0.38502663373947144,141557760
Qwen/Qwen2.5-Coder-32B,False,0.03320768475532532,5120,27648,5.121325969696045,9.91269660236348,1.2485071420669556,10.923629760742188,4.825770446866056,1.9355722836271263,model.layers.18.mlp.down_proj,5120,66953.0625,5120,86.21290588378906,776.6013894746753,86.21290588378906,1.6323539018630981,141557760
Qwen/Qwen2.5-Coder-32B,False,0.035858154296875,5120,5120,4.565796375274658,8.795278971629816,1.1779285669326782,8.940435409545898,4.0023025591402925,1.9263406093314295,model.layers.19.self_attn.q_proj,5093,10053.1591796875,5103,84.39964294433594,119.11376433568394,84.39964294433594,1.1416398592700716e-05,26219520
Qwen/Qwen2.5-Coder-32B,False,0.0402260422706604,1024,5120,5.4433979988098145,8.531104710785737,0.9926014542579651,8.609838485717773,3.4666582622860114,1.5672388299828603,model.layers.19.self_attn.k_proj,1024,2928.587890625,1024,36.91805648803711,79.32670809943575,36.91805648803711,0.0429375097155571,5243904
Qwen/Qwen2.5-Coder-32B,False,0.07539492845535278,1024,5120,7.119569301605225,7.9416632066478785,1.008421778678894,8.644688606262207,3.406247982862491,1.1154696120251684,model.layers.19.self_attn.v_proj,1024,2548.284912109375,1024,13.045766830444336,195.3342371689914,13.045766830444336,0.039023298770189285,5243904
Qwen/Qwen2.5-Coder-32B,False,0.04484829306602478,5120,5120,3.5792007446289062,6.4959630184705786,1.1820170879364014,7.187053203582764,4.0484950613267765,1.81492000084619,model.layers.19.self_attn.o_proj,5100,11181.37109375,5107,65.301025390625,171.22810900539494,65.301025390625,1.031650390359573e-05,26214400
Qwen/Qwen2.5-Coder-32B,False,0.006169259548187256,27648,5120,4.105405807495117,11.94309362556129,1.2428010702133179,11.944957733154297,4.8387007109483555,2.9091140280839323,model.layers.19.mlp.gate_proj,5120,68976.4296875,5120,811.1740112304688,85.03283972679272,811.1740112304688,0.42787325382232666,141557760
Qwen/Qwen2.5-Coder-32B,False,0.018636345863342285,27648,5120,6.2808027267456055,11.987849778666632,1.2509651184082031,12.54142951965332,4.815729184402004,1.9086493080922047,model.layers.19.mlp.up_proj,5120,65422.80859375,5120,81.03064727783203,807.3835121843838,81.03064727783203,0.4706452190876007,141557760
Qwen/Qwen2.5-Coder-32B,False,0.01992499828338623,5120,27648,5.542035102844238,10.961603689573021,1.2484455108642578,11.719482421875,4.820453468923436,1.977902248209759,model.layers.19.mlp.down_proj,5120,66138.3671875,5120,95.0390853881836,695.907025171384,95.0390853881836,1.6650205850601196,141557760
Qwen/Qwen2.5-Coder-32B,False,0.02457582950592041,5120,5120,4.077569961547852,7.885773982142122,1.1693319082260132,8.117420196533203,3.968619738527003,1.9339395906155514,model.layers.20.self_attn.q_proj,5089,9302.9296875,5103,85.889404296875,108.3128910213955,85.889404296875,1.0409205060568638e-05,26219520
Qwen/Qwen2.5-Coder-32B,False,0.04205930233001709,1024,5120,5.226934909820557,8.320744674347457,0.9915143251419067,8.3779878616333,3.457706747444472,1.591897511238209,model.layers.20.self_attn.k_proj,1024,2868.8427734375,1024,39.074867248535156,73.41913038860157,39.074867248535156,0.054541148245334625,5243904
Qwen/Qwen2.5-Coder-32B,False,0.06811448931694031,1024,5120,3.815464496612549,4.78917268667032,0.9958457350730896,5.834359645843506,3.4160338095524905,1.2552004325875004,model.layers.20.self_attn.v_proj,1024,2606.3564453125,1024,17.997013092041016,144.82161189653925,17.997013092041016,0.08085335046052933,5243904
Qwen/Qwen2.5-Coder-32B,False,0.04711371660232544,5120,5120,2.9745707511901855,5.284775676070619,1.178378939628601,6.350829601287842,4.047864501268507,1.7766515299580867,model.layers.20.self_attn.o_proj,5100,11165.1484375,5107,59.79316329956055,186.72951590741576,59.79316329956055,1.0240741175948642e-05,26214400
Qwen/Qwen2.5-Coder-32B,False,0.006195858120918274,27648,5120,3.946556329727173,11.224288791039177,1.2423096895217896,11.229697227478027,4.833081340973217,2.844071604019172,model.layers.20.mlp.gate_proj,5120,68089.6875,5120,698.3475341796875,97.50114973912153,698.3475341796875,0.683846116065979,141557760
Qwen/Qwen2.5-Coder-32B,False,0.025983452796936035,27648,5120,5.600032806396484,11.035745466826523,1.2498681545257568,11.602167129516602,4.816053016561088,1.970657288689674,model.layers.20.mlp.up_proj,5120,65471.609375,5120,93.46678161621094,700.479980618532,93.46678161621094,0.6720991134643555,141557760
Qwen/Qwen2.5-Coder-32B,False,0.028456300497055054,5120,27648,4.689852714538574,9.408059818354433,1.2471295595169067,10.371923446655273,4.818913833921395,2.006045901865827,model.layers.20.mlp.down_proj,5120,65904.3125,5120,101.40185546875,649.9320174699404,101.40185546875,1.7617460489273071,141557760
Qwen/Qwen2.5-Coder-32B,False,0.023414194583892822,5120,5120,3.838620662689209,7.808834446547187,1.1709589958190918,8.093511581420898,4.06309818049552,2.0342813559172006,model.layers.21.self_attn.q_proj,5094,11563.736328125,5107,108.2134780883789,106.86040715446549,108.2134780883789,1.008343133435119e-05,26219520
Qwen/Qwen2.5-Coder-32B,False,0.03967401385307312,1024,5120,4.210939407348633,7.05080738271728,0.9848532676696777,7.239852428436279,3.517158093286218,1.6744024790318073,model.layers.21.self_attn.k_proj,1024,3289.713623046875,1024,47.25007247924805,69.62346194266047,47.25007247924805,0.03212523087859154,5243904
Qwen/Qwen2.5-Coder-32B,False,0.05897277593612671,1024,5120,4.910996437072754,5.394949829956194,1.0108612775802612,6.495090484619141,3.3993949998709136,1.0985448470762698,model.layers.21.self_attn.v_proj,1024,2508.3896484375,1024,12.54714298248291,199.9171964438014,12.54714298248291,0.15292105078697205,5243904
Qwen/Qwen2.5-Coder-32B,False,0.03792083263397217,5120,5120,3.1832964420318604,5.711828924765503,1.1804068088531494,6.720817565917969,4.067731711820393,1.7943126029191645,model.layers.21.self_attn.o_proj,5102,11687.771484375,5108,62.274837493896484,187.68048147087515,62.274837493896484,1.0714495147112757e-05,26214400
Qwen/Qwen2.5-Coder-32B,False,0.013566136360168457,27648,5120,3.705535888671875,10.669626264366643,1.2403727769851685,10.677510261535645,4.829264111489259,2.8793746936804903,model.layers.21.mlp.gate_proj,5120,67493.8359375,5120,757.4861450195312,89.10240323373799,757.4861450195312,0.7345206141471863,141557760
Qwen/Qwen2.5-Coder-32B,False,0.03882512450218201,27648,5120,4.653924942016602,9.047103437621674,1.2481342554092407,10.096539497375488,4.81228264990335,1.9439727864844885,model.layers.21.mlp.up_proj,5120,64905.671875,5120,87.89674377441406,738.430902987483,87.89674377441406,0.7124505639076233,141557760
Qwen/Qwen2.5-Coder-32B,False,0.0272444486618042,5120,27648,4.620405673980713,9.330499086297616,1.2465349435806274,10.28111743927002,4.815341761753702,2.019411225910585,model.layers.21.mlp.down_proj,5120,65364.47265625,5120,104.57099151611328,625.0727061928836,104.57099151611328,1.7338228225708008,141557760
Qwen/Qwen2.5-Coder-32B,False,0.04831242561340332,5120,5120,3.378054141998291,6.656587827944889,1.1738519668579102,7.203509330749512,4.055217391462484,1.9705391175308926,model.layers.22.self_attn.q_proj,5096,11355.791015625,5106,93.44135284423828,121.52853816826148,93.44135284423828,1.0506490980333183e-05,26219520
Qwen/Qwen2.5-Coder-32B,False,0.04320639371871948,1024,5120,5.275524139404297,8.84148650001022,0.9841563105583191,8.942292213439941,3.4939553362746447,1.6759446580806634,model.layers.22.self_attn.k_proj,1024,3118.56884765625,1024,47.418155670166016,65.76740076835915,47.418155670166016,0.08177006244659424,5243904
Qwen/Qwen2.5-Coder-32B,False,0.06382405757904053,1024,5120,6.50657844543457,7.144108594353821,1.0151443481445312,8.01712417602539,3.4466123971059845,1.097982396472386,model.layers.22.self_attn.v_proj,1024,2796.484375,1024,12.530903816223145,223.16701301142615,12.530903816223145,0.20404605567455292,5243904
Qwen/Qwen2.5-Coder-32B,False,0.05004274845123291,5120,5120,5.095615863800049,8.812983967751642,1.1885184049606323,9.376614570617676,4.103862692411452,1.7295228296858645,model.layers.22.self_attn.o_proj,5106,12701.724609375,5110,53.64420700073242,236.7771902975764,53.64420700073242,1.0170223504246678e-05,26214400
Qwen/Qwen2.5-Coder-32B,False,0.012881994247436523,27648,5120,3.654677629470825,10.519220941271383,1.2401586771011353,10.528590202331543,4.831822650532839,2.8782896900251367,model.layers.22.mlp.gate_proj,5120,67892.6328125,5120,755.5960693359375,89.85307834140542,755.5960693359375,0.7123895883560181,141557760
Qwen/Qwen2.5-Coder-32B,False,0.04320910573005676,27648,5120,5.022171497344971,9.821611008770917,1.2485305070877075,10.67143440246582,4.815438221677495,1.9556502628321684,model.layers.22.mlp.up_proj,5120,65378.9921875,5120,90.29220581054688,724.0823457639264,90.29220581054688,0.6765596866607666,141557760
Qwen/Qwen2.5-Coder-32B,False,0.018608003854751587,5120,27648,5.132212162017822,10.18705577118148,1.2472999095916748,11.088367462158203,4.819298341675983,1.9849249114394083,model.layers.22.mlp.down_proj,5120,65962.6875,5120,96.58838653564453,682.9256587245862,96.58838653564453,1.7170391082763672,141557760
Qwen/Qwen2.5-Coder-32B,False,0.04389706254005432,5120,5120,3.2284626960754395,6.603529735939202,1.1737139225006104,7.026180267333984,4.052562141777604,2.045409954393011,model.layers.23.self_attn.q_proj,5093,11286.57421875,5108,111.02223205566406,101.66048736158686,111.02223205566406,1.0841086805157829e-05,26219520
Qwen/Qwen2.5-Coder-32B,False,0.06537088751792908,1024,5120,2.9484426975250244,5.087823782621465,0.9837173819541931,5.566744804382324,3.4952647783738584,1.7255969691702928,model.layers.23.self_attn.k_proj,1024,3127.98583984375,1024,53.161468505859375,58.839342248399106,53.161468505859375,0.07643932104110718,5243904
Qwen/Qwen2.5-Coder-32B,False,0.06851519644260406,1024,5120,8.764318466186523,8.718281463885647,1.022811770439148,9.65417194366455,3.4580971522937336,0.994747223930932,model.layers.23.self_attn.v_proj,1024,2871.4228515625,1024,9.879778861999512,290.63634841128106,9.879778861999512,0.30037766695022583,5243904
Qwen/Qwen2.5-Coder-32B,False,0.053444862365722656,5120,5120,5.287230014801025,8.258215970506122,1.193885087966919,9.143697738647461,4.108730674720879,1.5619172888995076,model.layers.23.self_attn.o_proj,5109,12844.8984375,5110,36.468448638916016,352.21949155777963,36.468448638916016,1.3049007975496352e-05,26214400
Qwen/Qwen2.5-Coder-32B,False,0.013276159763336182,27648,5120,3.521441698074341,10.326232978032916,1.2384462356567383,10.33602237701416,4.838152737143823,2.9323878863817896,model.layers.23.mlp.gate_proj,5120,68889.453125,5120,855.8307495117188,80.49424861668481,855.8307495117188,0.6640264987945557,141557760
Qwen/Qwen2.5-Coder-32B,False,0.03749041259288788,27648,5120,9.72636890411377,19.11518876005196,1.247920036315918,19.21748161315918,4.816747974748888,1.9652954713621018,model.layers.23.mlp.up_proj,5120,65576.4609375,5120,92.31993103027344,710.3174818880253,92.31993103027344,0.666090726852417,141557760
Qwen/Qwen2.5-Coder-32B,False,0.03141474723815918,5120,27648,6.366219997406006,12.85274313264713,1.2477349042892456,13.229081153869629,4.82339291361041,2.018897106585091,model.layers.23.mlp.down_proj,5120,66587.53125,5120,104.44727325439453,637.5229259247167,104.44727325439453,1.650282621383667,141557760
Qwen/Qwen2.5-Coder-32B,False,0.0416254997253418,5120,5120,2.9535295963287354,5.532533970495484,1.1756410598754883,6.324555397033691,4.020311421908827,1.8731940175485207,model.layers.24.self_attn.q_proj,5096,10478.796875,5105,74.67823028564453,140.31929834060824,74.67823028564453,1.1683282536978368e-05,26219520
Qwen/Qwen2.5-Coder-32B,False,0.07118546962738037,1024,5120,5.328044414520264,8.621824502493808,0.9922856688499451,8.709684371948242,3.4784262752434256,1.6181968151386208,model.layers.24.self_attn.k_proj,1024,3009.0283203125,1024,41.51421356201172,72.48188179736981,41.51421356201172,0.10516916960477829,5243904
Qwen/Qwen2.5-Coder-32B,False,0.07707035541534424,1024,5120,4.935259819030762,5.432105601061381,1.009804368019104,6.61624002456665,3.428653946222435,1.1006726697781426,model.layers.24.self_attn.v_proj,1024,2683.20556640625,1024,12.608768463134766,212.80472983950386,12.608768463134766,0.13380679488182068,5243904
Qwen/Qwen2.5-Coder-32B,False,0.04542189836502075,5120,5120,3.390580654144287,5.597655227135438,1.187026858329773,6.790664196014404,4.066871290472998,1.650942949932029,model.layers.24.self_attn.o_proj,5107,11664.638671875,5109,44.76544952392578,260.5723564920442,44.76544952392578,1.197228175442433e-05,26214400
Qwen/Qwen2.5-Coder-32B,False,0.023171544075012207,27648,5120,3.7295501232147217,10.83781272914471,1.2395836114883423,10.843842506408691,4.838390114911677,2.9059303055573236,model.layers.24.mlp.gate_proj,5120,68927.1171875,5120,805.2492065429688,85.59724943215079,805.2492065429688,0.2101556807756424,141557760
Qwen/Qwen2.5-Coder-32B,False,0.03423997759819031,27648,5120,6.653343677520752,13.672853980416102,1.248231053352356,13.826757431030273,4.819310429213039,2.0550349783691084,model.layers.24.mlp.up_proj,5120,65964.5234375,5120,113.51022338867188,581.1328836137516,113.51022338867188,0.2270200550556183,141557760
Qwen/Qwen2.5-Coder-32B,False,0.052070409059524536,5120,27648,4.185481071472168,8.12476727096035,1.245976448059082,9.470699310302734,4.82470941146379,1.9411788351733266,model.layers.24.mlp.down_proj,5120,66789.6875,5120,87.33309173583984,764.769529767956,87.33309173583984,1.5927942991256714,141557760
Qwen/Qwen2.5-Coder-32B,False,0.05102655291557312,5120,5120,2.8948822021484375,5.192351239410805,1.1829501390457153,6.127923488616943,4.029924564924125,1.7936312695408816,model.layers.25.self_attn.q_proj,5098,10713.33203125,5105,62.177215576171875,172.303181028191,62.177215576171875,1.0488918633200228e-05,26219520
Qwen/Qwen2.5-Coder-32B,False,0.0731864869594574,1024,5120,2.1934285163879395,3.494804720231418,0.9937634468078613,4.488360404968262,3.481966648020028,1.5933068682751232,model.layers.25.self_attn.k_proj,1024,3033.658203125,1024,39.20187759399414,77.38553327837967,39.20187759399414,0.12461145222187042,5243904
Qwen/Qwen2.5-Coder-32B,False,0.08691680431365967,1024,5120,4.975121021270752,5.431903798209244,1.0078829526901245,6.443759918212891,3.383755424831242,1.0918134001133946,model.layers.25.self_attn.v_proj,1024,2419.666015625,1024,12.354165077209473,195.85831988668457,12.354165077209473,0.0770275890827179,5243904
Qwen/Qwen2.5-Coder-32B,False,0.05332690477371216,5120,5120,3.1859757900238037,5.252555207573272,1.185685396194458,6.455937385559082,4.048211741415636,1.6486488139742044,model.layers.25.self_attn.o_proj,5103,11174.0791015625,5107,44.52960205078125,250.9359748784563,44.52960205078125,1.0846162695088424e-05,26214400
Qwen/Qwen2.5-Coder-32B,False,0.026967942714691162,27648,5120,3.615546464920044,10.267787917555625,1.2399165630340576,10.282014846801758,4.838040822765253,2.83989931181335,model.layers.25.mlp.gate_proj,5120,68871.703125,5120,691.6705932617188,99.57298141044416,691.6705932617188,0.3216215968132019,141557760
Qwen/Qwen2.5-Coder-32B,False,0.04623299837112427,27648,5120,6.156883716583252,12.736580842014483,1.2471624612808228,12.991762161254883,4.823961446845815,2.06867328153513,model.layers.25.mlp.up_proj,5120,66674.7578125,5120,117.13138580322266,569.2305043202654,117.13138580322266,0.33308255672454834,141557760
Qwen/Qwen2.5-Coder-32B,False,0.037008136510849,5120,27648,3.605990409851074,7.331341520065561,1.2427647113800049,8.7197904586792,4.824166425042972,2.033100670494668,model.layers.25.mlp.down_proj,5120,66706.234375,5120,107.91968536376953,618.1099782690287,107.91968536376953,1.6967802047729492,141557760
Qwen/Qwen2.5-Coder-32B,False,0.036996543407440186,5120,5120,4.801093578338623,9.954988031378209,1.1784398555755615,10.024505615234375,4.095833257588552,2.0734834405837694,model.layers.26.self_attn.q_proj,5095,12469.046875,5108,118.43592071533203,105.28095530215124,118.43592071533203,1.024043194775004e-05,26219520
Qwen/Qwen2.5-Coder-32B,False,0.06509330868721008,1024,5120,7.754311561584473,12.387230366011366,0.9893009066581726,12.411177635192871,3.551873252128659,1.597463587532228,model.layers.26.self_attn.k_proj,1024,3563.47119140625,1024,39.578887939453125,90.03464667470108,39.578887939453125,0.06086220219731331,5243904
Qwen/Qwen2.5-Coder-32B,False,0.0682443380355835,1024,5120,3.9177441596984863,4.567352041818686,1.0081236362457275,5.604160308837891,3.377493318027684,1.1658117160386996,model.layers.26.self_attn.v_proj,1024,2385.027099609375,1024,14.649126052856445,162.8101970727678,14.649126052856445,0.29705381393432617,5243904
Qwen/Qwen2.5-Coder-32B,False,0.04644140601158142,5120,5120,3.110564947128296,5.551475243922031,1.1781963109970093,6.602639675140381,4.056038121341988,1.7847160687151726,model.layers.26.self_attn.o_proj,5103,11377.271484375,5109,60.91385269165039,186.776422466125,60.91385269165039,1.1104561053798534e-05,26214400
Qwen/Qwen2.5-Coder-32B,False,0.028824657201766968,27648,5120,3.772655725479126,10.649206982732702,1.2397847175598145,10.660888671875,4.835409437305147,2.8227349001956057,model.layers.26.mlp.gate_proj,5120,68455.671875,5120,664.8671875,102.96142321657285,664.8671875,0.5536133050918579,141557760
Qwen/Qwen2.5-Coder-32B,False,0.046235740184783936,27648,5120,5.332080364227295,10.767190003840188,1.2463443279266357,11.4639310836792,4.82440872295239,2.019322528609437,model.layers.26.mlp.up_proj,5120,66743.4609375,5120,104.54963684082031,638.3901747943778,104.54963684082031,0.5626533627510071,141557760
Qwen/Qwen2.5-Coder-32B,False,0.03206586837768555,5120,27648,3.4997942447662354,7.425469396474155,1.2411068677902222,8.640789985656738,4.820461830810471,2.1216874127896426,model.layers.26.mlp.down_proj,5120,66139.640625,5120,132.3388671875,499.77487363022544,132.3388671875,1.8117393255233765,141557760
Qwen/Qwen2.5-Coder-32B,False,0.03948974609375,5120,5120,3.8752188682556152,8.123028077507627,1.1686372756958008,8.41424560546875,4.099071989730403,2.0961469154809604,model.layers.27.self_attn.q_proj,5094,12562.3818359375,5108,124.78055572509766,100.67579650481372,124.78055572509766,1.0775246664707083e-05,26219520
Qwen/Qwen2.5-Coder-32B,False,0.0500829815864563,1024,5120,5.184344291687012,9.31873360525441,0.9746415019035339,9.382478713989258,3.5637108119045764,1.7974758389786738,model.layers.27.self_attn.k_proj,1024,3661.9365234375,1024,62.730079650878906,58.37608598327665,62.730079650878906,0.03383711725473404,5243904
Qwen/Qwen2.5-Coder-32B,False,0.07407775521278381,1024,5120,4.95111083984375,5.555303598588492,1.0099217891693115,6.6911301612854,3.430418292903668,1.1220317577789896,model.layers.27.self_attn.v_proj,1024,2694.12841796875,1024,13.244383811950684,203.4166674887345,13.244383811950684,0.16491292417049408,5243904
Qwen/Qwen2.5-Coder-32B,False,0.04994228482246399,5120,5120,3.548308849334717,6.357601068563998,1.1790144443511963,7.307572364807129,4.090851959889965,1.7917270842294362,model.layers.27.self_attn.o_proj,5104,12326.845703125,5109,61.90519332885742,199.12458131971906,61.90519332885742,1.0730942449299619e-05,26214400
Qwen/Qwen2.5-Coder-32B,False,0.034092992544174194,27648,5120,3.4974288940429688,9.823404762066316,1.2390446662902832,9.849352836608887,4.834401031222024,2.8087503876914064,model.layers.27.mlp.gate_proj,5120,68296.90625,5120,643.7991333007812,106.08418482926392,643.7991333007812,1.1707340478897095,141557760
Qwen/Qwen2.5-Coder-32B,False,0.05182948708534241,27648,5120,3.812939167022705,7.640996464848021,1.245057225227356,8.924132347106934,4.824457674613068,2.0039649546295846,model.layers.27.mlp.up_proj,5120,66750.984375,5120,100.91714477539062,661.443449708832,100.91714477539062,1.2079914808273315,141557760
Qwen/Qwen2.5-Coder-32B,False,0.03419247269630432,5120,27648,3.6219003200531006,7.7718777501349114,1.2413511276245117,8.850358009338379,4.821283792685601,2.1458011163656123,model.layers.27.mlp.down_proj,5120,66264.9375,5120,139.8946533203125,473.67741316228296,139.8946533203125,1.8773729801177979,141557760
Qwen/Qwen2.5-Coder-32B,False,0.036966472864151,5120,5120,2.9609320163726807,6.16542348543972,1.168286919593811,6.686630725860596,4.048129484456147,2.082257698369155,model.layers.28.self_attn.q_proj,5089,11171.962890625,5106,120.85307312011719,92.44252216508441,120.85307312011719,1.021169464365812e-05,26219520
Qwen/Qwen2.5-Coder-32B,False,0.0592501163482666,1024,5120,4.396010398864746,7.82515484734244,0.978367805480957,7.928411483764648,3.497622841152613,1.7800583113641537,model.layers.28.self_attn.k_proj,1024,3145.015869140625,1024,60.2640495300293,52.18726410964929,60.2640495300293,0.09035392105579376,5243904
Qwen/Qwen2.5-Coder-32B,False,0.09002938866615295,1024,5120,6.706466197967529,7.346192547828878,1.0095151662826538,8.4054536819458,3.468799485041134,1.095389483966269,model.layers.28.self_attn.v_proj,1024,2943.0625,1024,12.45631217956543,236.27077240630592,12.45631217956543,0.08597341179847717,5243904
Qwen/Qwen2.5-Coder-32B,False,0.06358683109283447,5120,5120,2.409224033355713,4.188413464854451,1.1780543327331543,5.656840801239014,4.096731644212575,1.7384906537814067,model.layers.28.self_attn.o_proj,5102,12494.8671875,5107,54.763431549072266,228.16077871788647,54.763431549072266,1.0438536264700815e-05,26214400
Qwen/Qwen2.5-Coder-32B,False,0.0277746319770813,27648,5120,3.6538524627685547,10.304465678453768,1.2391095161437988,10.32278060913086,4.8382274948550625,2.820164684658884,model.layers.28.mlp.gate_proj,5120,68901.3125,5120,660.9440307617188,104.24681863091077,660.9440307617188,1.3024654388427734,141557760
Qwen/Qwen2.5-Coder-32B,False,0.048508644104003906,27648,5120,4.475851535797119,8.907505416044563,1.2457458972930908,10.027042388916016,4.828664980860004,1.9901253079562202,model.layers.28.mlp.up_proj,5120,67400.7890625,5120,97.75192260742188,689.5085770659058,97.75192260742188,1.3519794940948486,141557760
Qwen/Qwen2.5-Coder-32B,False,0.028272926807403564,5120,27648,3.9391796588897705,8.406440829966998,1.2436795234680176,9.362297058105469,4.8282341123140196,2.134058752815629,model.layers.28.mlp.down_proj,5120,67333.953125,5120,136.1628875732422,494.5103201397736,136.1628875732422,2.058988094329834,141557760
Qwen/Qwen2.5-Coder-32B,False,0.04628872871398926,5120,5120,3.6017234325408936,6.996014280775565,1.1839501857757568,7.505131721496582,4.091458661689978,1.9424074090664187,model.layers.29.self_attn.q_proj,5101,12344.078125,5109,87.58049774169922,140.94551233776195,87.58049774169922,1.0019109140557703e-05,26219520
Qwen/Qwen2.5-Coder-32B,False,0.059296607971191406,1024,5120,5.898838043212891,9.091660333440288,1.0035618543624878,9.159677505493164,3.478705402973369,1.5412629176861379,model.layers.29.self_attn.k_proj,1024,3010.962890625,1024,34.774662017822266,86.5849649115744,34.774662017822266,0.2310592085123062,5243904
Qwen/Qwen2.5-Coder-32B,False,0.06895524263381958,1024,5120,4.321876525878906,4.744199926188369,1.0215433835983276,6.118691921234131,3.503717121337299,1.0977175997001853,model.layers.29.self_attn.v_proj,1024,3189.459716796875,1024,12.523265838623047,254.6827447326281,12.523265838623047,0.4672377407550812,5243904
Qwen/Qwen2.5-Coder-32B,False,0.0281287282705307,5120,5120,3.579160451889038,6.209822155223804,1.1883692741394043,7.246676445007324,4.1231425020995465,1.7349940687756356,model.layers.29.self_attn.o_proj,5107,13278.30078125,5111,54.32429122924805,244.42658119948007,54.32429122924805,1.0441744052513968e-05,26214400
Qwen/Qwen2.5-Coder-32B,False,0.02614438533782959,27648,5120,3.6427981853485107,10.434717965076972,1.2392148971557617,10.447901725769043,4.844056812653283,2.8644787424803964,model.layers.29.mlp.gate_proj,5120,69832.375,5120,731.9454956054688,95.40652332621343,731.9454956054688,1.3024537563323975,141557760
Qwen/Qwen2.5-Coder-32B,False,0.048024266958236694,27648,5120,4.899997711181641,9.741896268215015,1.246978521347046,10.681885719299316,4.833911118250275,1.988143024227198,model.layers.29.mlp.up_proj,5120,68219.90625,5120,97.3067626953125,701.0808330312104,97.3067626953125,1.2954285144805908,141557760
Qwen/Qwen2.5-Coder-32B,False,0.023534774780273438,5120,27648,4.197271347045898,8.768760904848147,1.244994878768921,9.763181686401367,4.834073821101801,2.089157497768099,model.layers.29.mlp.down_proj,5120,68245.46875,5120,122.78844451904297,555.797160044779,122.78844451904297,1.9762192964553833,141557760
Qwen/Qwen2.5-Coder-32B,False,0.034045010805130005,5120,5120,2.966848373413086,6.066644484827396,1.1795645952224731,6.690713882446289,4.118602950179647,2.0448110996141944,model.layers.30.self_attn.q_proj,5099,13140.2294921875,5110,110.86924743652344,118.5200566975143,110.86924743652344,1.1554057891771663e-05,26219520
Qwen/Qwen2.5-Coder-32B,False,0.05988535284996033,1024,5120,2.4624838829040527,3.9992053877657203,0.9894062876701355,4.892977237701416,3.506193737528349,1.624053426513957,model.layers.30.self_attn.k_proj,1024,3207.699951171875,1024,42.07783889770508,76.23252608029789,42.07783889770508,0.09199745208024979,5243904
Qwen/Qwen2.5-Coder-32B,False,0.11153477430343628,1024,5120,7.589676856994629,7.161035347750436,1.0256237983703613,8.627488136291504,3.498071064355679,0.9435230883579505,model.layers.30.self_attn.v_proj,1024,3148.263427734375,1024,8.780577659606934,358.54855452361073,8.780577659606934,0.5513339638710022,5243904
Qwen/Qwen2.5-Coder-32B,False,0.02966994047164917,5120,5120,4.40278434753418,7.269737177021403,1.1910393238067627,8.304944038391113,4.142132904239578,1.6511681252553028,model.layers.30.self_attn.o_proj,5108,13871.802734375,5110,44.788665771484375,309.7168110599706,44.788665771484375,1.0876551641558763e-05,26214400
Qwen/Qwen2.5-Coder-32B,False,0.021551430225372314,27648,5120,3.694800853729248,10.689936246110943,1.2391473054885864,10.698690414428711,4.849762266258897,2.8932374623983703,model.layers.30.mlp.gate_proj,5120,70755.8359375,5120,782.0552978515625,90.47421087981654,782.0552978515625,1.2506699562072754,141557760
Qwen/Qwen2.5-Coder-32B,False,0.047699958086013794,27648,5120,7.124173164367676,14.39099540879073,1.2477402687072754,14.657868385314941,4.8378318913062515,2.0200232471564354,model.layers.30.mlp.up_proj,5120,68838.578125,5120,104.71846008300781,657.3681285079375,104.71846008300781,1.2650998830795288,141557760
Qwen/Qwen2.5-Coder-32B,False,0.021907031536102295,5120,27648,4.442084312438965,9.303813956853368,1.2459653615951538,10.167139053344727,4.839392749391339,2.0944703662648467,model.layers.30.mlp.down_proj,5120,69086.4296875,5120,124.2997817993164,555.8049152414517,124.2997817993164,1.758544683456421,141557760
Qwen/Qwen2.5-Coder-32B,False,0.03403639793395996,5120,5120,2.8943724632263184,6.034240107344284,1.17962646484375,6.600286483764648,4.116591142199913,2.0848181027185415,model.layers.31.self_attn.q_proj,5099,13079.5,5111,121.56767272949219,107.59028042844919,121.56767272949219,1.1965383237111382e-05,26219520
Qwen/Qwen2.5-Coder-32B,False,0.058058083057403564,1024,5120,4.86329460144043,8.061647445806047,0.988747775554657,8.217087745666504,3.5015755869680314,1.6576514701409035,model.layers.31.self_attn.k_proj,1024,3173.77099609375,1024,45.46230697631836,69.81104143586444,45.46230697631836,0.13623692095279694,5243904
Qwen/Qwen2.5-Coder-32B,False,0.08129465579986572,1024,5120,32.836387634277344,28.546250237519324,1.033230185508728,29.074308395385742,3.5115118072253053,0.8693480706665913,model.layers.31.self_attn.v_proj,1024,3247.220703125,1024,7.40198278427124,438.6960626313729,7.40198278427124,0.5840922594070435,5243904
Qwen/Qwen2.5-Coder-32B,False,0.02125859260559082,5120,5120,5.186773777008057,8.279602809104695,1.1950657367706299,9.204255104064941,4.152287149689286,1.5962914838905329,model.layers.31.self_attn.o_proj,5108,14199.9609375,5110,39.47221374511719,359.7457449230744,39.47221374511719,1.3106170626997482e-05,26214400
Qwen/Qwen2.5-Coder-32B,False,0.0226401686668396,27648,5120,3.81913161277771,11.2336786134432,1.2387017011642456,11.238165855407715,4.857753298024602,2.9414222269425228,model.layers.31.mlp.gate_proj,5120,72069.796875,5120,873.8204956054688,82.47666109623917,873.8204956054688,1.2383363246917725,141557760
Qwen/Qwen2.5-Coder-32B,False,0.03188863396644592,27648,5120,8.516305923461914,17.139426424696264,1.2486398220062256,17.2464542388916,4.840872797047808,2.0125423603534682,model.layers.31.mlp.up_proj,5120,69322.2734375,5120,102.93009185791016,673.4888912097342,102.93009185791016,1.296675443649292,141557760
Qwen/Qwen2.5-Coder-32B,False,0.013901710510253906,5120,27648,4.653491020202637,9.602237131269042,1.2472798824310303,10.467009544372559,4.843648395100265,2.063448084369767,model.layers.31.mlp.down_proj,5120,69766.734375,5120,115.7305679321289,602.8375702425935,115.7305679321289,1.7047381401062012,141557760
Qwen/Qwen2.5-Coder-32B,False,0.03856414556503296,5120,5120,3.8604838848114014,8.107328447542422,1.1757328510284424,8.347329139709473,4.107234985127191,2.100080893858852,model.layers.32.self_attn.q_proj,5095,12800.7373046875,5107,125.9159927368164,101.66093302733188,125.9159927368164,1.0577153261692729e-05,26219520
Qwen/Qwen2.5-Coder-32B,False,0.0633927583694458,1024,5120,4.763439178466797,7.791551219572112,0.9894440770149231,7.9531660079956055,3.4959461807489953,1.6356986890467593,model.layers.32.self_attn.k_proj,1024,3132.8974609375,1024,43.22138595581055,72.48489125592982,43.22138595581055,0.03831332549452782,5243904
Qwen/Qwen2.5-Coder-32B,False,0.049337565898895264,1024,5120,10.34471321105957,10.627663853222705,1.0241650342941284,11.310381889343262,3.50505311672177,1.0273521978222298,model.layers.32.self_attn.v_proj,1024,3199.286376953125,1024,10.650063514709473,300.40068517285266,10.650063514709473,0.34301039576530457,5243904
Qwen/Qwen2.5-Coder-32B,False,0.03784248232841492,5120,5120,3.78238844871521,6.316736058992891,1.1901806592941284,7.422677516937256,4.127878594524698,1.6700389567704343,model.layers.32.self_attn.o_proj,5107,13423.896484375,5110,46.7777099609375,286.9720748532762,46.7777099609375,1.244696704816306e-05,26214400
Qwen/Qwen2.5-Coder-32B,False,0.014672458171844482,27648,5120,3.56406307220459,11.354926985069252,1.2339762449264526,11.35690975189209,4.891643675050067,3.18595006738911,model.layers.32.mlp.gate_proj,5120,77919.0546875,5120,1534.4405517578125,50.7801065334451,1534.4405517578125,1.2692829370498657,141557760
Qwen/Qwen2.5-Coder-32B,False,0.014860093593597412,27648,5120,8.312602996826172,16.046214822196536,1.2513381242752075,16.214893341064453,4.8372179680782885,1.93034778977453,model.layers.32.mlp.up_proj,5120,68741.3359375,5120,85.18199157714844,806.9937631740119,85.18199157714844,1.0039838552474976,141557760
Qwen/Qwen2.5-Coder-32B,False,0.013011693954467773,5120,27648,5.290897369384766,10.538448310516427,1.25008225440979,11.235498428344727,4.844281273843826,1.9918073579533175,model.layers.32.mlp.down_proj,5120,69868.4765625,5120,98.13125610351562,711.9900359656857,98.13125610351562,1.464093804359436,141557760
Qwen/Qwen2.5-Coder-32B,False,0.0346108078956604,5120,5120,5.478479862213135,11.001863172440098,1.1839271783828735,11.053906440734863,4.128726667370807,2.008196333498192,model.layers.33.self_attn.q_proj,5099,13450.1357421875,5108,101.90519714355469,131.986749637903,101.90519714355469,1.087436976376921e-05,26219520
Qwen/Qwen2.5-Coder-32B,False,0.071857750415802,1024,5120,7.971591949462891,12.37416684332254,0.9944159984588623,12.391602516174316,3.532013784139707,1.5522830222332549,model.layers.33.self_attn.k_proj,1024,3404.18994140625,1024,35.66835021972656,95.44007279382228,35.66835021972656,0.10811805725097656,5243904
Qwen/Qwen2.5-Coder-32B,False,0.061588287353515625,1024,5120,9.273609161376953,9.233899613930275,1.0235419273376465,10.007597923278809,3.45787672456045,0.9957180050662409,model.layers.33.self_attn.v_proj,1024,2869.9658203125,1024,9.901887893676758,289.8402659300183,9.901887893676758,0.4107573330402374,5243904
Qwen/Qwen2.5-Coder-32B,False,0.05691269040107727,5120,5120,4.063384056091309,6.5910640144251955,1.1909338235855103,7.7482099533081055,4.114899202559911,1.6220627741413491,model.layers.33.self_attn.o_proj,5107,13028.6435546875,5110,41.88541030883789,311.054456877039,41.88541030883789,1.0786779057525564e-05,26214400
Qwen/Qwen2.5-Coder-32B,False,0.013535141944885254,27648,5120,3.993992328643799,12.383444070352578,1.2383949756622314,12.384180068969727,4.884248435753699,3.1005177404928825,model.layers.33.mlp.gate_proj,5120,76603.46875,5120,1260.4271240234375,60.77580154374365,1260.4271240234375,0.7074158787727356,141557760
Qwen/Qwen2.5-Coder-32B,False,0.013583958148956299,27648,5120,7.600813388824463,15.276298270210164,1.2512472867965698,15.378809928894043,4.8488820682434115,2.0098241449620415,model.layers.33.mlp.up_proj,5120,70612.578125,5120,102.28787231445312,690.3318695291949,102.28787231445312,1.1232807636260986,141557760
Qwen/Qwen2.5-Coder-32B,False,0.01563173532485962,5120,27648,4.486571311950684,9.154389676424058,1.2474751472473145,10.116487503051758,4.85281224932257,2.0403976756236797,model.layers.33.mlp.down_proj,5120,71254.4921875,5120,109.7482681274414,649.2539099091583,109.7482681274414,1.4206918478012085,141557760
Qwen/Qwen2.5-Coder-32B,False,0.04589599370956421,5120,5120,5.104239463806152,10.490122376646351,1.1838921308517456,10.544861793518066,4.1156793072172855,2.055178337738886,model.layers.34.self_attn.q_proj,5099,13052.0673828125,5110,113.54769897460938,114.94788094060011,113.54769897460938,1.0353543075325433e-05,26219520
Qwen/Qwen2.5-Coder-32B,False,0.053099751472473145,1024,5120,9.020499229431152,12.84901505550769,0.9959597587585449,12.96689224243164,3.5183406604745704,1.424423940261006,model.layers.34.self_attn.k_proj,1024,3298.68359375,1024,26.57198143005371,124.14142326695628,26.57198143005371,0.11317603290081024,5243904
Qwen/Qwen2.5-Coder-32B,False,0.07577931880950928,1024,5120,10.435608863830566,10.753386323100527,1.0219721794128418,11.478558540344238,3.5091283614037487,1.0304512619643464,model.layers.34.self_attn.v_proj,1024,3229.448486328125,1024,10.726332664489746,301.07666686671337,10.726332664489746,0.3503418564796448,5243904
Qwen/Qwen2.5-Coder-32B,False,0.032820165157318115,5120,5120,4.39036750793457,7.064622366296694,1.1902023553848267,8.188347816467285,4.130046217120431,1.6091186793654584,model.layers.34.self_attn.o_proj,5108,13491.064453125,5111,40.65544128417969,331.8390854208929,40.65544128417969,1.103260183299426e-05,26214400
Qwen/Qwen2.5-Coder-32B,False,0.0191001296043396,27648,5120,3.772447347640991,11.46683772901927,1.238864541053772,11.46920394897461,4.880768946227613,3.0396283028813587,model.layers.34.mlp.gate_proj,5120,75992.1875,5120,1095.5401611328125,69.36504036640922,1095.5401611328125,1.1465821266174316,141557760
Qwen/Qwen2.5-Coder-32B,False,0.016726642847061157,27648,5120,6.406415939331055,13.12035258505893,1.2504562139511108,13.33900260925293,4.860148991186547,2.0480019888357313,model.layers.34.mlp.up_proj,5120,72468.453125,5120,111.68683624267578,648.8540240099455,111.68683624267578,1.4914027452468872,141557760
Qwen/Qwen2.5-Coder-32B,False,0.02435016632080078,5120,27648,4.469393730163574,9.096508009691357,1.246900200843811,10.15237808227539,4.860745714996527,2.0352890255113945,model.layers.34.mlp.down_proj,5120,72568.09375,5120,108.46485137939453,669.0470952305756,108.46485137939453,1.4380335807800293,141557760
Qwen/Qwen2.5-Coder-32B,False,0.027476094663143158,5120,5120,4.788346290588379,9.360204132627185,1.184605360031128,9.506141662597656,4.0965008370568405,1.9547884728021683,model.layers.35.self_attn.q_proj,5101,12488.228515625,5109,90.11321258544922,138.58376765541595,90.11321258544922,1.0093766832142137e-05,26219520
Qwen/Qwen2.5-Coder-32B,False,0.06678217649459839,1024,5120,5.131593704223633,7.286376974862496,0.9985635876655579,7.6150431632995605,3.4823066565403455,1.4199052759896673,model.layers.35.self_attn.k_proj,1024,3036.0341796875,1024,26.29694366455078,115.45197869439795,26.29694366455078,0.10678477585315704,5243904
Qwen/Qwen2.5-Coder-32B,False,0.0813552737236023,1024,5120,7.269868850708008,7.802182271307569,1.0210264921188354,8.655832290649414,3.484543394225808,1.0732218739472472,model.layers.35.self_attn.v_proj,1024,3051.7109375,1024,11.836461067199707,257.82291853742225,11.836461067199707,0.2255953550338745,5243904
Qwen/Qwen2.5-Coder-32B,False,0.05349934101104736,5120,5120,3.4940712451934814,5.999888691367607,1.1863218545913696,7.056657791137695,4.116075230258252,1.7171626650776457,model.layers.35.self_attn.o_proj,5107,13063.9716796875,5110,52.13899612426758,250.5604758586252,52.13899612426758,1.0602339898468927e-05,26214400
Qwen/Qwen2.5-Coder-32B,False,0.010466903448104858,27648,5120,3.868671178817749,11.781310925190237,1.2395503520965576,11.783102989196777,4.878708456052069,3.0453120414308668,model.layers.35.mlp.gate_proj,5120,75632.5,5120,1109.9720458984375,68.13910339406905,1109.9720458984375,1.4580236673355103,141557760
Qwen/Qwen2.5-Coder-32B,False,0.010958671569824219,27648,5120,6.215219020843506,12.602884596126128,1.2511651515960693,12.934287071228027,4.867351090769632,2.0277458531808445,model.layers.35.mlp.up_proj,5120,73680.25,5120,106.59721374511719,691.2024002444906,106.59721374511719,1.535478115081787,141557760
Qwen/Qwen2.5-Coder-32B,False,0.015387505292892456,5120,27648,4.266793251037598,8.961378471023886,1.2463780641555786,9.954541206359863,4.863454281243607,2.1002607681646306,model.layers.35.mlp.down_proj,5120,73022.09375,5120,125.96815490722656,579.6869359861589,125.96815490722656,1.4111629724502563,141557760
Qwen/Qwen2.5-Coder-32B,False,0.021959662437438965,5120,5120,4.533470630645752,8.885363686915378,1.178895115852356,9.15340518951416,4.105651167882049,1.9599473363412387,model.layers.36.self_attn.q_proj,5099,12754.1396484375,5108,91.19002532958984,139.8633195060531,91.19002532958984,1.0992822353728116e-05,26219520
Qwen/Qwen2.5-Coder-32B,False,0.03929813206195831,1024,5120,7.581638813018799,10.718247307647298,0.9989969730377197,10.771822929382324,3.4849487033381443,1.4137111476799022,model.layers.36.self_attn.k_proj,1024,3054.560302734375,1024,25.924545288085938,117.82502909079565,25.924545288085938,0.11439315229654312,5243904
Qwen/Qwen2.5-Coder-32B,False,0.073454350233078,1024,5120,8.901473999023438,10.282203411123097,1.0141572952270508,10.973196983337402,3.5127063113482992,1.1551124467982647,model.layers.36.self_attn.v_proj,1024,3256.164306640625,1024,14.29263973236084,227.82105808405316,14.29263973236084,0.34378334879875183,5243904
Qwen/Qwen2.5-Coder-32B,False,0.04239392280578613,5120,5120,3.2623484134674072,5.739601070066443,1.1750037670135498,7.003668785095215,4.129570349371184,1.7593464408561048,model.layers.36.self_attn.o_proj,5104,13476.2900390625,5109,57.457462310791016,234.54377372548063,57.457462310791016,1.0925799870165065e-05,26214400
Qwen/Qwen2.5-Coder-32B,False,0.00662153959274292,27648,5120,3.7571828365325928,11.146106657549009,1.240074634552002,11.15114974975586,4.867168052193076,2.9666127900859527,model.layers.36.mlp.gate_proj,5120,73649.203125,5120,926.0038452148438,79.53444632609762,926.0038452148438,1.5752454996109009,141557760
Qwen/Qwen2.5-Coder-32B,False,0.010662645101547241,27648,5120,5.415626525878906,11.232776659940834,1.2502130270004272,11.725747108459473,4.87994288103606,2.0741416724850423,model.layers.36.mlp.up_proj,5120,75847.78125,5120,118.61556243896484,639.4420739608131,118.61556243896484,1.3966678380966187,141557760
Qwen/Qwen2.5-Coder-32B,False,0.022886157035827637,5120,27648,3.9279000759124756,8.562340740485329,1.2447261810302734,9.475858688354492,4.871427434928049,2.1798774345083727,model.layers.36.mlp.down_proj,5120,74375.078125,5120,151.31341552734375,491.529966895498,151.31341552734375,1.5162452459335327,141557760
Qwen/Qwen2.5-Coder-32B,False,0.03192543983459473,5120,5120,3.8801844120025635,7.467280601827858,1.179362416267395,8.053709030151367,4.136731742616233,1.924465388482398,model.layers.37.self_attn.q_proj,5102,13700.3525390625,5108,84.03600311279297,163.02955913638482,84.03600311279297,1.4439885489991866e-05,26219520
Qwen/Qwen2.5-Coder-32B,False,0.03848689794540405,1024,5120,7.1370625495910645,10.179270473732418,0.9929468035697937,10.389907836914062,3.5243411864533343,1.4262549057126679,model.layers.37.self_attn.k_proj,1024,3344.576904296875,1024,26.68424415588379,125.33901596607176,26.68424415588379,0.10024789720773697,5243904
Qwen/Qwen2.5-Coder-32B,False,0.06588774919509888,1024,5120,7.668026924133301,8.8474651698037,1.019663691520691,9.42366886138916,3.5062981111044262,1.1538124810123445,model.layers.37.self_attn.v_proj,1024,3208.470947265625,1024,14.249921798706055,225.15709156782643,14.249921798706055,0.4201377034187317,5243904
Qwen/Qwen2.5-Coder-32B,False,0.047841429710388184,5120,5120,3.3690359592437744,5.884383777212393,1.1795368194580078,7.087981700897217,4.133336158691902,1.746607589944876,model.layers.37.self_attn.o_proj,5105,13593.65234375,5110,55.79658126831055,243.62876783403328,55.79658126831055,1.0637550985848065e-05,26214400
Qwen/Qwen2.5-Coder-32B,False,0.011770963668823242,27648,5120,3.600252151489258,10.565598144909849,1.2393549680709839,10.576051712036133,4.860732155817213,2.93468282229603,model.layers.37.mlp.gate_proj,5120,72565.828125,5120,860.3651733398438,84.3430561505731,860.3651733398438,1.3270764350891113,141557760
Qwen/Qwen2.5-Coder-32B,False,0.023775309324264526,27648,5120,5.041922569274902,10.195766633615339,1.2492774724960327,11.063586235046387,4.881812106564993,2.0221981780814278,model.layers.37.mlp.up_proj,5120,76174.9375,5120,105.24420166015625,723.7922498189142,105.24420166015625,1.27952241897583,141557760
Qwen/Qwen2.5-Coder-32B,False,0.023829549551010132,5120,27648,3.9869637489318848,8.917734203451573,1.2451114654541016,9.584552764892578,4.872376187943051,2.2367231720731473,model.layers.37.mlp.down_proj,5120,74537.734375,5120,172.47381591796875,432.16840758281427,172.47381591796875,1.4342046976089478,141557760
Qwen/Qwen2.5-Coder-32B,False,0.044921040534973145,5120,5120,3.6552681922912598,7.008236730197198,1.178945541381836,7.653295040130615,4.113939241627473,1.9172975446718648,model.layers.38.self_attn.q_proj,5102,12999.876953125,5109,82.66040802001953,157.2684827538785,82.66040802001953,1.3060350283922162e-05,26219520
Qwen/Qwen2.5-Coder-32B,False,0.07861661911010742,1024,5120,2.1818342208862305,3.0843209807712437,0.991037905216217,4.441075325012207,3.460652145705093,1.4136367242046628,model.layers.38.self_attn.k_proj,1024,2888.365478515625,1024,25.920103073120117,111.4334102132079,25.920103073120117,0.1035604178905487,5243904
Qwen/Qwen2.5-Coder-32B,False,0.07561331987380981,1024,5120,14.770418167114258,15.383421376627927,1.026841640472412,15.902304649353027,3.5670251593240767,1.0415020890118396,model.layers.38.self_attn.v_proj,1024,3689.98974609375,1024,11.002771377563477,335.36911924010957,11.002771377563477,0.4669170081615448,5243904
Qwen/Qwen2.5-Coder-32B,False,0.03342735767364502,5120,5120,4.438793182373047,7.715584958316138,1.1890016794204712,8.539253234863281,4.170639472538238,1.7382168173447694,model.layers.38.self_attn.o_proj,5106,14812.87890625,5110,54.728912353515625,270.6591136064933,54.728912353515625,1.2405907909851521e-05,26214400
Qwen/Qwen2.5-Coder-32B,False,0.008504509925842285,27648,5120,3.5406055450439453,10.212269319553405,1.2395230531692505,10.229695320129395,4.852732959768685,2.884328454449916,model.layers.38.mlp.gate_proj,5120,71241.484375,5120,766.1758422851562,92.98320365011621,766.1758422851562,1.1551748514175415,141557760
Qwen/Qwen2.5-Coder-32B,False,0.021559476852416992,27648,5120,4.892123222351074,9.999019619741695,1.249622106552124,10.81833267211914,4.888007794623894,2.0439018326558687,model.layers.38.mlp.up_proj,5120,77269.4453125,5120,110.63736724853516,698.4027841056843,110.63736724853516,1.0893003940582275,141557760
Qwen/Qwen2.5-Coder-32B,False,0.00876656174659729,5120,27648,4.521687984466553,10.226782165648027,1.2467519044876099,10.617069244384766,4.8791906200876705,2.261717792289141,model.layers.38.mlp.down_proj,5120,75716.515625,5120,182.69126892089844,414.4506525803578,182.69126892089844,1.4823813438415527,141557760
Qwen/Qwen2.5-Coder-32B,False,0.03842136263847351,5120,5120,3.8132951259613037,7.245015595847917,1.1818660497665405,7.807031631469727,4.099245856657469,1.8999357134786419,model.layers.39.self_attn.q_proj,5103,12567.412109375,5110,79.42106628417969,158.23776609101472,79.42106628417969,1.0801466487464495e-05,26219520
Qwen/Qwen2.5-Coder-32B,False,0.07440191507339478,1024,5120,6.679724216461182,9.321046310843128,0.987440288066864,9.800366401672363,3.4507280046920985,1.3954238242160961,model.layers.39.self_attn.k_proj,1024,2823.111328125,1024,24.855575561523438,113.58060573319378,24.855575561523438,0.12157511711120605,5243904
Qwen/Qwen2.5-Coder-32B,False,0.08289933204650879,1024,5120,9.74604606628418,10.165145267188434,1.026737093925476,11.224983215332031,3.5829837284018273,1.0430019720873371,model.layers.39.self_attn.v_proj,1024,3828.10400390625,1024,11.040836334228516,346.72228516226266,11.040836334228516,0.4780508577823639,5243904
Qwen/Qwen2.5-Coder-32B,False,0.031372278928756714,5120,5120,4.478504657745361,7.626972215973106,1.1922481060028076,8.477396011352539,4.182217207055689,1.7030175915486925,model.layers.39.self_attn.o_proj,5106,15213.08203125,5110,50.46817398071289,301.43912155537646,50.46817398071289,1.104682723962469e-05,26214400
Qwen/Qwen2.5-Coder-32B,False,0.01452779769897461,27648,5120,3.4715330600738525,9.953290945247897,1.2384870052337646,9.977389335632324,4.852165748431689,2.867116853853655,model.layers.39.mlp.gate_proj,5120,71148.5,5120,736.4052124023438,96.61596469136231,736.4052124023438,1.1238025426864624,141557760
Qwen/Qwen2.5-Coder-32B,False,0.03356051445007324,27648,5120,5.354595184326172,10.888853538352569,1.2493455410003662,11.601621627807617,4.892779085993288,2.0335530817018865,model.layers.39.mlp.up_proj,5120,78123.03125,5120,108.03216552734375,723.1460266361732,108.03216552734375,0.9569995999336243,141557760
Qwen/Qwen2.5-Coder-32B,False,0.013226896524429321,5120,27648,4.94309139251709,11.340625259473981,1.2483179569244385,11.499821662902832,4.8862127688522055,2.2942374232937617,model.layers.39.mlp.down_proj,5120,76950.734375,5120,196.896240234375,390.81870879505806,196.896240234375,1.5781821012496948,141557760
Qwen/Qwen2.5-Coder-32B,False,0.05111885070800781,5120,5120,3.3202614784240723,6.180312808681548,1.177781581878662,7.044235706329346,4.116677030147755,1.8613934019482614,model.layers.40.self_attn.q_proj,5102,13082.0869140625,5108,72.67639923095703,180.004610196622,72.67639923095703,1.1773920050472952e-05,26219520
Qwen/Qwen2.5-Coder-32B,False,0.06539350748062134,1024,5120,9.208191871643066,12.30954674802752,0.9867601990699768,12.654102325439453,3.460256720245187,1.3368038937085118,model.layers.40.self_attn.k_proj,1024,2885.73681640625,1024,21.71720314025879,132.87792160753636,21.71720314025879,0.10891220718622208,5243904
Qwen/Qwen2.5-Coder-32B,False,0.0597793310880661,1024,5120,9.02438735961914,9.386852828602636,1.0245839357376099,10.502520561218262,3.5637768517147705,1.040165105346142,model.layers.40.self_attn.v_proj,1024,3662.493408203125,1024,10.968951225280762,333.89640750356966,10.968951225280762,0.38024866580963135,5243904
Qwen/Qwen2.5-Coder-32B,False,0.03831750154495239,5120,5120,4.03516960144043,6.891116590908567,1.1882811784744263,7.929268836975098,4.15757345068348,1.7077638046362793,model.layers.40.self_attn.o_proj,5106,14373.861328125,5111,51.022743225097656,281.71478873081486,51.022743225097656,1.0678963917598594e-05,26214400
Qwen/Qwen2.5-Coder-32B,False,0.012664258480072021,27648,5120,3.721376419067383,10.43923466129356,1.2393968105316162,10.459564208984375,4.850204882808263,2.80520793537724,model.layers.40.mlp.gate_proj,5120,70827.984375,5120,638.5691528320312,110.91670191220548,638.5691528320312,0.6423726677894592,141557760
Qwen/Qwen2.5-Coder-32B,False,0.016634643077850342,27648,5120,5.422774314880371,11.25712657307758,1.2490918636322021,11.806465148925781,4.894808925613516,2.0758980402683265,model.layers.40.mlp.up_proj,5120,78489.0234375,5120,119.09623718261719,659.0386505423191,119.09623718261719,0.8363733887672424,141557760
Qwen/Qwen2.5-Coder-32B,False,0.03014761209487915,5120,27648,5.070430755615234,11.884393855288444,1.2457610368728638,11.98493480682373,4.885780185566116,2.343862765925184,model.layers.40.mlp.down_proj,5120,76874.125,5120,220.730712890625,348.2710855833286,220.730712890625,1.5902701616287231,141557760
Qwen/Qwen2.5-Coder-32B,False,0.05485442280769348,5120,5120,2.796050786972046,4.849222118618413,1.1714816093444824,6.2305073738098145,4.080421919166801,1.7343111724625817,model.layers.41.self_attn.q_proj,5103,12034.330078125,5108,54.23893737792969,221.87621402446348,54.23893737792969,1.225886899192119e-05,26219520
Qwen/Qwen2.5-Coder-32B,False,0.08930641412734985,1024,5120,1.7839435338974,2.2448428541081693,0.9784336686134338,4.024848937988281,3.4205759576361467,1.2583598143399966,model.layers.41.self_attn.k_proj,1024,2633.758544921875,1024,18.128414154052734,145.2834496465362,18.128414154052734,0.11881018429994583,5243904
Qwen/Qwen2.5-Coder-32B,False,0.07535398006439209,1024,5120,24.5644588470459,25.75780602183421,1.021242380142212,26.034975051879883,3.551800050150248,1.0485802346479056,model.layers.41.self_attn.v_proj,1024,3562.87060546875,1024,11.183564186096191,318.58095918099514,11.183564186096191,0.35734277963638306,5243904
Qwen/Qwen2.5-Coder-32B,False,0.04117283225059509,5120,5120,4.703812122344971,8.095240362087088,1.1900641918182373,8.788843154907227,4.159643492112781,1.7209956842518197,model.layers.41.self_attn.o_proj,5107,14442.537109375,5110,52.60120391845703,274.5666645152073,52.60120391845703,1.0505883437872399e-05,26214400
Qwen/Qwen2.5-Coder-32B,False,0.009295761585235596,27648,5120,3.754690170288086,10.261588696758905,1.2407326698303223,10.290081024169922,4.83313993738521,2.7330054495472695,model.layers.41.mlp.gate_proj,5120,68098.875,5120,540.7611083984375,125.93153232059757,540.7611083984375,0.8984953165054321,141557760
Qwen/Qwen2.5-Coder-32B,False,0.014043629169464111,27648,5120,5.137451171875,10.591659389376877,1.249538540840149,11.31320571899414,4.89902478665355,2.061656458626987,model.layers.41.mlp.up_proj,5120,79254.65625,5120,115.25411987304688,687.6513944776941,115.25411987304688,0.7024964690208435,141557760
Qwen/Qwen2.5-Coder-32B,False,0.01630261540412903,5120,27648,4.184201240539551,10.144763265146961,1.2446504831314087,10.348702430725098,4.885876303399279,2.4245399974688597,model.layers.41.mlp.down_proj,5120,76891.140625,5120,265.79083251953125,289.2919213808842,265.79083251953125,1.6319925785064697,141557760
Qwen/Qwen2.5-Coder-32B,False,0.038168132305145264,5120,5120,5.27524995803833,9.077370972158736,1.183907151222229,9.669479370117188,4.113478925743739,1.7207470820082758,model.layers.42.self_attn.q_proj,5106,12986.10546875,5109,52.571102142333984,247.01984435461674,52.571102142333984,1.163183605967788e-05,26219520
Qwen/Qwen2.5-Coder-32B,False,0.07621543854475021,1024,5120,11.858020782470703,15.495254267863087,0.9879265427589417,15.695021629333496,3.499929505784112,1.3067319202854812,model.layers.42.self_attn.k_proj,1024,3161.764404296875,1024,20.264314651489258,156.02621942432737,20.264314651489258,0.06105287745594978,5243904
Qwen/Qwen2.5-Coder-32B,False,0.07189115881919861,1024,5120,7.091994285583496,8.402138387183191,1.0138171911239624,9.192497253417969,3.520979202874539,1.1847356397710214,model.layers.42.self_attn.v_proj,1024,3318.78564453125,1024,15.301557540893555,216.89201479403417,15.301557540893555,0.29271236062049866,5243904
Qwen/Qwen2.5-Coder-32B,False,0.030756324529647827,5120,5120,3.9729957580566406,6.982642432393433,1.1889153718948364,7.805252552032471,4.140141252133554,1.7575257708830119,model.layers.42.self_attn.o_proj,5105,13808.3330078125,5110,57.21709060668945,241.33231629568593,57.21709060668945,1.1290980182820931e-05,26214400
Qwen/Qwen2.5-Coder-32B,False,0.0075879693031311035,27648,5120,3.721161127090454,9.9565658086561,1.2420942783355713,9.998992919921875,4.813981414095773,2.6756610285352136,model.layers.42.mlp.gate_proj,5120,65160.05078125,5120,473.8719787597656,137.5056000394646,473.8719787597656,0.7562786936759949,141557760
Qwen/Qwen2.5-Coder-32B,False,0.011024236679077148,27648,5120,4.9274702072143555,9.940185425315281,1.2503390312194824,10.933758735656738,4.902154058567397,2.017299954601808,model.layers.42.mlp.up_proj,5120,79827.78125,5120,104.0638656616211,767.1037467469422,104.0638656616211,0.5791196227073669,141557760
Qwen/Qwen2.5-Coder-32B,False,0.023470580577850342,5120,27648,5.439275741577148,12.98205380716707,1.2462409734725952,13.040604591369629,4.888045072880888,2.386724708205885,model.layers.42.mlp.down_proj,5120,77276.078125,5120,243.62660217285156,317.1906410703586,243.62660217285156,1.8242307901382446,141557760
Qwen/Qwen2.5-Coder-32B,False,0.043350785970687866,5120,5120,5.422691822052002,9.497894303301834,1.1832129955291748,10.072086334228516,4.097530237806619,1.7515091425032767,model.layers.43.self_attn.q_proj,5105,12517.8642578125,5110,56.42988204956055,221.83041684932928,56.42988204956055,1.1305265616101678e-05,26219520
Qwen/Qwen2.5-Coder-32B,False,0.07149219512939453,1024,5120,8.747568130493164,11.700127627793282,0.9902466535568237,11.873675346374512,3.4776768441907593,1.3375291799109041,model.layers.43.self_attn.k_proj,1024,3003.84033203125,1024,21.753501892089844,138.08536882622687,21.753501892089844,0.050430916249752045,5243904
Qwen/Qwen2.5-Coder-32B,False,0.07285791635513306,1024,5120,6.555830001831055,7.33991443282361,1.0252907276153564,8.410587310791016,3.5677012371700902,1.119601092580735,model.layers.43.self_attn.v_proj,1024,3695.738525390625,1024,13.170464515686035,280.60806215217366,13.170464515686035,0.43738794326782227,5243904
Qwen/Qwen2.5-Coder-32B,False,0.024101197719573975,5120,5120,3.9291248321533203,7.063759288216662,1.1927165985107422,7.752956867218018,4.156360535642021,1.7977945700303533,model.layers.43.self_attn.o_proj,5104,14333.7734375,5110,62.7761344909668,228.33157144396276,62.7761344909668,1.0609616765577812e-05,26214400
Qwen/Qwen2.5-Coder-32B,False,0.008884310722351074,27648,5120,3.825282573699951,10.108469447907831,1.2434656620025635,10.145297050476074,4.803327807794952,2.6425418915211156,model.layers.43.mlp.gate_proj,5120,63581.06640625,5120,439.0782165527344,144.8057863253477,439.0782165527344,0.6252707839012146,141557760
Qwen/Qwen2.5-Coder-32B,False,0.015169620513916016,27648,5120,4.960391044616699,10.265731917270475,1.2500789165496826,11.019163131713867,4.897205347779648,2.0695408537218927,model.layers.43.mlp.up_proj,5120,78923.3203125,5120,117.36560821533203,672.4569617336151,117.36560821533203,0.4610212743282318,141557760
Qwen/Qwen2.5-Coder-32B,False,0.01769399642944336,5120,27648,4.167324066162109,9.787423946015913,1.2468559741973877,10.1251859664917,4.885197374437464,2.3486111928486584,model.layers.43.mlp.down_proj,5120,76771.03125,5120,223.1573486328125,344.02197247969895,223.1573486328125,2.021024465560913,141557760
Qwen/Qwen2.5-Coder-32B,False,0.05613213777542114,5120,5120,2.755448818206787,4.667847477674535,1.174302339553833,6.021772384643555,4.036032150822254,1.6940425265138161,model.layers.44.self_attn.q_proj,5105,10865.060546875,5108,49.435909271240234,219.78073645336676,49.435909271240234,1.0212281267740764e-05,26219520
Qwen/Qwen2.5-Coder-32B,False,0.08305203914642334,1024,5120,6.520724773406982,8.369289256974184,0.9806238412857056,8.862022399902344,3.345118420208232,1.2834906467922207,model.layers.44.self_attn.k_proj,1024,2213.6982421875,1024,19.208375930786133,115.24650757378741,19.208375930786133,0.041653215885162354,5243904
Qwen/Qwen2.5-Coder-32B,False,0.07576411962509155,1024,5120,9.349467277526855,10.246451986682127,1.02950119972229,11.473785400390625,3.6588330305682413,1.09593965971851,model.layers.44.self_attn.v_proj,1024,4558.6162109375,1024,12.472102165222168,365.50504081412777,12.472102165222168,0.6511642932891846,5243904
Qwen/Qwen2.5-Coder-32B,False,0.029858946800231934,5120,5120,8.359649658203125,15.506939351724709,1.1860238313674927,15.562153816223145,4.215905682855633,1.8549747879096965,model.layers.44.self_attn.o_proj,5103,16440.146484375,5110,71.61018371582031,229.57833133924777,71.61018371582031,1.0300019312126096e-05,26214400
Qwen/Qwen2.5-Coder-32B,False,0.010139703750610352,27648,5120,3.7484216690063477,10.025582602075726,1.2431319952011108,10.060281753540039,4.80912238574785,2.6746144077043934,model.layers.44.mlp.gate_proj,5120,64435.08203125,5120,472.7313537597656,136.30380451556607,472.7313537597656,0.5457702279090881,141557760
Qwen/Qwen2.5-Coder-32B,False,0.014239609241485596,27648,5120,4.96608829498291,9.909094828763571,1.2506455183029175,10.966104507446289,4.9025576501286725,1.9953521242814856,model.layers.44.mlp.up_proj,5120,79902.0,5120,98.93549346923828,807.6171371687118,98.93549346923828,0.40619993209838867,141557760
Qwen/Qwen2.5-Coder-32B,False,0.008770227432250977,5120,27648,4.546881675720215,10.492698271226416,1.2497838735580444,10.729639053344727,4.892440021715094,2.307669083903398,model.layers.44.mlp.down_proj,5120,78062.0625,5120,203.08090209960938,384.388988294484,203.08090209960938,2.418492078781128,141557760
Qwen/Qwen2.5-Coder-32B,False,0.06714582443237305,5120,5120,2.675448179244995,4.406334207161314,1.1749662160873413,5.8889007568359375,4.046112338880886,1.6469518046896992,model.layers.45.self_attn.q_proj,5105,11120.193359375,5108,44.35594177246094,250.7035791601463,44.35594177246094,1.1352244655427057e-05,26219520
Qwen/Qwen2.5-Coder-32B,False,0.06881445646286011,1024,5120,9.232390403747559,11.035572322736211,0.9849745631217957,11.302894592285156,3.338187300997065,1.1953104060955564,model.layers.45.self_attn.k_proj,1024,2178.649169921875,1024,15.678712844848633,138.9558691125393,15.678712844848633,0.0658530667424202,5243904
Qwen/Qwen2.5-Coder-32B,False,0.07709679007530212,1024,5120,4.598174095153809,4.918430872255628,1.0314594507217407,6.5877909660339355,3.630662366564847,1.0696486845592361,model.layers.45.self_attn.v_proj,1024,4272.30615234375,1024,11.73947525024414,363.92650108060843,11.73947525024414,0.4948939383029938,5243904
Qwen/Qwen2.5-Coder-32B,False,0.03549438714981079,5120,5120,5.1264448165893555,9.81106503924236,1.1959714889526367,9.899317741394043,4.2075254456562154,1.9138146201229767,model.layers.45.self_attn.o_proj,5104,16125.955078125,5111,82.0001449584961,196.65764110889145,82.0001449584961,1.2775499271810986e-05,26214400
Qwen/Qwen2.5-Coder-32B,False,0.010202944278717041,27648,5120,3.8017661571502686,10.115677169551239,1.2434123754501343,10.148625373840332,4.813944442366689,2.6607836335556625,model.layers.45.mlp.gate_proj,5120,65154.50390625,5120,457.9136962890625,142.28555388114137,457.9136962890625,0.614924430847168,141557760
Qwen/Qwen2.5-Coder-32B,False,0.015983909368515015,27648,5120,4.932753562927246,10.055730679706947,1.2504023313522339,10.930381774902344,4.8989075987067965,2.0385633604893836,model.layers.45.mlp.up_proj,5120,79233.2734375,5120,109.28570556640625,725.0104030243441,109.28570556640625,0.4462282061576843,141557760
Qwen/Qwen2.5-Coder-32B,False,0.010160744190216064,5120,27648,4.661158561706543,10.49191756805363,1.2500852346420288,10.876200675964355,4.8908296369333595,2.250924835350877,model.layers.45.mlp.down_proj,5120,77773.140625,5120,178.20703125,436.42015738366104,178.20703125,2.3778631687164307,141557760
Qwen/Qwen2.5-Coder-32B,False,0.05641534924507141,5120,5120,3.29060435295105,5.537340785723108,1.178017258644104,6.761855602264404,4.0607621536600504,1.682773190510479,model.layers.46.self_attn.q_proj,5104,11501.703125,5107,48.16961669921875,238.77506015501558,48.16961669921875,1.3624898201669566e-05,26219520
Qwen/Qwen2.5-Coder-32B,False,0.06714332103729248,1024,5120,7.837006092071533,10.413922211348899,0.9821212291717529,10.637917518615723,3.3649219152536745,1.3288138466402821,model.layers.46.self_attn.k_proj,1024,2316.97802734375,1024,21.321308135986328,108.6696000342085,21.321308135986328,0.04830725118517876,5243904
Qwen/Qwen2.5-Coder-32B,False,0.08870494365692139,1024,5120,5.8077898025512695,6.00727755065041,1.0313183069229126,7.70316743850708,3.6395652256315447,1.034348307166955,model.layers.46.self_attn.v_proj,1024,4360.79052734375,1024,10.823016166687012,402.9182309425131,10.823016166687012,0.6053910255432129,5243904
Qwen/Qwen2.5-Coder-32B,False,0.01971302181482315,5120,5120,4.137282371520996,8.118758643416903,1.1969201564788818,8.33312702178955,4.209437436328087,1.9623409558173788,model.layers.46.self_attn.o_proj,5103,16197.1064453125,5110,91.69400787353516,176.64301976691468,91.69400787353516,1.286815768253291e-05,26214400
Qwen/Qwen2.5-Coder-32B,False,0.010860800743103027,27648,5120,3.901597023010254,10.274152109207677,1.2440265417099,10.305808067321777,4.822479871306365,2.633319650546769,model.layers.46.mlp.gate_proj,5120,66447.6875,5120,429.8526916503906,154.58246229627773,429.8526916503906,0.5939679741859436,141557760
Qwen/Qwen2.5-Coder-32B,False,0.022056639194488525,27648,5120,5.058374404907227,10.340232602479583,1.2502729892730713,11.080947875976562,4.893893039337349,2.044180951186279,model.layers.46.mlp.up_proj,5120,78323.671875,5120,110.70849609375,707.4766132553555,110.70849609375,0.44659003615379333,141557760
Qwen/Qwen2.5-Coder-32B,False,0.006330311298370361,5120,27648,5.353927135467529,11.443554106770542,1.2519439458847046,11.753103256225586,4.889476829714341,2.137413120728106,model.layers.46.mlp.down_proj,5120,77531.2578125,5120,137.21864318847656,565.019854525212,137.21864318847656,2.051074504852295,141557760
Qwen/Qwen2.5-Coder-32B,False,0.0512428879737854,5120,5120,2.992985725402832,5.107689369082232,1.179908037185669,6.384385108947754,4.0670276791384365,1.7065532006153414,model.layers.47.self_attn.q_proj,5105,11668.83984375,5109,50.880714416503906,229.33718556367285,50.880714416503906,1.1887255823239684e-05,26219520
Qwen/Qwen2.5-Coder-32B,False,0.056073009967803955,1024,5120,7.8748955726623535,10.638111196138722,0.9841863512992859,10.830692291259766,3.389425150431073,1.3508891766220814,model.layers.47.self_attn.k_proj,1024,2451.4619140625,1024,22.433094024658203,109.27881420939443,22.433094024658203,0.04032290354371071,5243904
Qwen/Qwen2.5-Coder-32B,False,0.10712331533432007,1024,5120,14.2033109664917,13.988857132261671,1.0348917245864868,15.12551498413086,3.6276499411862884,0.9849011378589144,model.layers.47.self_attn.v_proj,1024,4242.7744140625,1024,9.658309936523438,439.2874573239995,9.658309936523438,0.5850632786750793,5243904
Qwen/Qwen2.5-Coder-32B,False,0.02522587776184082,5120,5120,4.711428642272949,9.090040962535888,1.197181224822998,9.227300643920898,4.19940358656815,1.929359787172867,model.layers.47.self_attn.o_proj,5104,15827.181640625,5112,84.9884262084961,186.2274941036947,84.9884262084961,1.0442689927003812e-05,26214400
Qwen/Qwen2.5-Coder-32B,False,0.011009126901626587,27648,5120,4.141772270202637,11.022343584702,1.2453258037567139,11.035794258117676,4.833801687187104,2.661262586550354,model.layers.47.mlp.gate_proj,5120,68202.71875,5120,458.4189758300781,148.77813167856442,458.4189758300781,0.5621063113212585,141557760
Qwen/Qwen2.5-Coder-32B,False,0.02552047371864319,27648,5120,5.601232528686523,11.341409428727308,1.251309871673584,11.897685050964355,4.893357109130244,2.0248060352150463,model.layers.47.mlp.up_proj,5120,78227.078125,5120,105.8780746459961,738.841147107677,105.8780746459961,0.4307326078414917,141557760
Qwen/Qwen2.5-Coder-32B,False,0.016768574714660645,5120,27648,5.416889190673828,11.353764462373944,1.2525837421417236,11.756745338439941,4.891607836665871,2.0959934868007895,model.layers.47.mlp.down_proj,5120,77912.625,5120,124.73648071289062,624.6177906793251,124.73648071289062,2.2315661907196045,141557760
Qwen/Qwen2.5-Coder-32B,False,0.06752818822860718,5120,5120,3.043858289718628,4.824702115592196,1.1873387098312378,6.285827159881592,4.07698216138686,1.5850613452961333,model.layers.48.self_attn.q_proj,5107,11939.390625,5109,38.4646110534668,310.39935925528897,38.4646110534668,1.1027140317310113e-05,26219520
Qwen/Qwen2.5-Coder-32B,False,0.08662906289100647,1024,5120,7.065829277038574,8.187069080421606,0.9956703186035156,8.776261329650879,3.3666125366056874,1.1586848138302268,model.layers.48.self_attn.k_proj,1024,2326.01513671875,1024,14.410691261291504,161.40899104310486,14.410691261291504,0.046660810708999634,5243904
Qwen/Qwen2.5-Coder-32B,False,0.09957849979400635,1024,5120,12.019976615905762,12.264126600450378,1.0310285091400146,13.465876579284668,3.6200218745268993,1.0203120182631253,model.layers.48.self_attn.v_proj,1024,4168.90380859375,1024,10.478811264038086,397.8412916836172,10.478811264038086,0.6372456550598145,5243904
Qwen/Qwen2.5-Coder-32B,False,0.02283310890197754,5120,5120,4.701606750488281,8.291718356330668,1.203375220298767,8.738700866699219,4.211386562376615,1.7635924900502447,model.layers.48.self_attn.o_proj,5108,16269.962890625,5111,58.02197265625,280.4103712056821,58.02197265625,1.0230240150121972e-05,26214400
Qwen/Qwen2.5-Coder-32B,False,0.011655420064926147,27648,5120,4.360559463500977,11.54562751579213,1.2465988397598267,11.554933547973633,4.84680722728408,2.647739954570521,model.layers.48.mlp.gate_proj,5120,70276.03125,5120,444.3651123046875,158.14929953775012,444.3651123046875,0.5537526607513428,141557760
Qwen/Qwen2.5-Coder-32B,False,0.021417468786239624,27648,5120,5.909111022949219,12.0077735718334,1.2514970302581787,12.44775104522705,4.8897898342554305,2.032077841353598,model.layers.48.mlp.up_proj,5120,77587.15625,5120,107.66581726074219,720.6294274635143,107.66581726074219,0.42278748750686646,141557760
Qwen/Qwen2.5-Coder-32B,False,0.0164639949798584,5120,27648,5.060004234313965,10.486235233250877,1.2515673637390137,11.162931442260742,4.887851709321248,2.0723767703867546,model.layers.48.mlp.down_proj,5120,77241.6796875,5120,118.13450622558594,653.8451986247077,118.13450622558594,2.7135674953460693,141557760
Qwen/Qwen2.5-Coder-32B,False,0.05334562063217163,5120,5120,3.1632447242736816,5.197081746773183,1.1852961778640747,6.472015380859375,4.061235139045405,1.6429591131196761,model.layers.49.self_attn.q_proj,5105,11514.236328125,5109,43.95002365112305,261.9847584048064,43.95002365112305,1.1526164598762989e-05,26219520
Qwen/Qwen2.5-Coder-32B,False,0.07298290729522705,1024,5120,3.011644124984741,3.752420655980217,0.9853176474571228,4.981505393981934,3.3572931772202153,1.2459708053982737,model.layers.49.self_attn.k_proj,1024,2276.6337890625,1024,17.618576049804688,129.21780867119156,17.618576049804688,0.04458317905664444,5243904
Qwen/Qwen2.5-Coder-32B,False,0.10311806201934814,1024,5120,4.021867275238037,4.43885722377965,1.0294910669326782,6.189201354980469,3.6455545214951295,1.103680683623985,model.layers.49.self_attn.v_proj,1024,4421.34619140625,1024,12.696402549743652,348.2361380779881,12.696402549743652,0.6063851118087769,5243904
Qwen/Qwen2.5-Coder-32B,False,0.028710871934890747,5120,5120,5.0195465087890625,9.386771247728023,1.2018910646438599,9.508357048034668,4.2068196327930565,1.8700436844826702,model.layers.49.self_attn.o_proj,5106,16099.7685546875,5111,74.13848114013672,217.15805755793247,74.13848114013672,1.4652276149718091e-05,26214400
Qwen/Qwen2.5-Coder-32B,False,0.008922189474105835,27648,5120,4.66232442855835,12.411651811853433,1.2477117776870728,12.4157133102417,4.8530649744644165,2.6621167192544073,model.layers.49.mlp.gate_proj,5120,71295.96875,5120,459.3214416503906,155.22020590596867,459.3214416503906,0.5545108914375305,141557760
Qwen/Qwen2.5-Coder-32B,False,0.006907939910888672,27648,5120,6.44564962387085,13.27081962935771,1.2527223825454712,13.47802734375,4.892654509331399,2.0588800824994418,model.layers.49.mlp.up_proj,5120,78100.625,5120,114.51966857910156,681.9843784830199,114.51966857910156,0.40991032123565674,141557760
Qwen/Qwen2.5-Coder-32B,False,0.021541297435760498,5120,27648,6.310662269592285,12.682375995100728,1.253631591796875,13.164857864379883,4.89227865165155,2.0096743342153376,model.layers.49.mlp.down_proj,5120,78033.0625,5120,102.25259399414062,763.1401752455446,102.25259399414062,2.8109095096588135,141557760
Qwen/Qwen2.5-Coder-32B,False,0.0533066987991333,5120,5120,9.090539932250977,14.647193610962638,1.1856234073638916,14.906208038330078,4.042239319677222,1.611256726236693,model.layers.50.self_attn.q_proj,5108,11021.46484375,5109,40.856082916259766,269.7631308987704,40.856082916259766,1.1709116733982228e-05,26219520
Qwen/Qwen2.5-Coder-32B,False,0.09376704692840576,1024,5120,6.699917793273926,7.74187839551317,0.9839621186256409,8.407059669494629,3.3158276183405198,1.1555184159550842,model.layers.50.self_attn.k_proj,1024,2069.31982421875,1024,14.30600643157959,144.64692394174097,14.30600643157959,0.08222741633653641,5243904
Qwen/Qwen2.5-Coder-32B,False,0.08697500824928284,1024,5120,14.747358322143555,16.311851991724875,1.0279474258422852,16.890071868896484,3.6164601285239675,1.1060863671585297,model.layers.50.self_attn.v_proj,1024,4134.853515625,1024,12.766926765441895,323.8722671157958,12.766926765441895,0.40206634998321533,5243904
Qwen/Qwen2.5-Coder-32B,False,0.021305739879608154,5120,5120,4.1075439453125,8.223404705044814,1.2012444734573364,8.37640380859375,4.2010847668339215,2.002024765779878,model.layers.50.self_attn.o_proj,5104,15888.568359375,5112,100.4673080444336,158.14665156896586,100.4673080444336,1.0572714018053375e-05,26214400
Qwen/Qwen2.5-Coder-32B,False,0.00793534517288208,27648,5120,4.354887008666992,11.80903635524826,1.246731162071228,11.815155982971191,4.865206444643803,2.7116745696837135,model.layers.50.mlp.gate_proj,5120,73317.296875,5120,514.8427124023438,142.40717622842325,514.8427124023438,0.5102958083152771,141557760
Qwen/Qwen2.5-Coder-32B,False,0.02295568585395813,27648,5120,7.2675065994262695,15.000322810657345,1.2528505325317383,15.103766441345215,4.8880394528067015,2.0640260322352564,model.layers.50.mlp.up_proj,5120,77275.078125,5120,115.88468170166016,666.8273751999525,115.88468170166016,0.4004788100719452,141557760
Qwen/Qwen2.5-Coder-32B,False,0.03755682706832886,5120,27648,7.080420017242432,14.05513199696692,1.254321813583374,14.470874786376953,4.892548669281671,1.9850703719185416,model.layers.50.mlp.down_proj,5120,78081.59375,5120,96.62074279785156,808.1245443678808,96.62074279785156,2.2766544818878174,141557760
Qwen/Qwen2.5-Coder-32B,False,0.06434260308742523,5120,5120,5.7880024909973145,9.27551630994666,1.19389009475708,9.958270072937012,4.080123244965406,1.6025418655872798,model.layers.51.self_attn.q_proj,5107,12026.056640625,5110,40.04440689086914,300.31801128679376,40.04440689086914,1.0455176379764453e-05,26219520
Qwen/Qwen2.5-Coder-32B,False,0.06721135973930359,1024,5120,7.246322154998779,8.151870317627816,1.0048762559890747,8.820676803588867,3.4015139600911914,1.1249665890170721,model.layers.51.self_attn.k_proj,1024,2520.658203125,1024,13.334188461303711,189.03724140693225,13.334188461303711,0.033746302127838135,5243904
Qwen/Qwen2.5-Coder-32B,False,0.039593398571014404,1024,5120,11.830973625183105,12.910292763979998,1.0323987007141113,13.237678527832031,3.6273052358249904,1.0912282600731593,model.layers.51.self_attn.v_proj,1024,4239.408203125,1024,12.337531089782715,343.6188466131487,12.337531089782715,0.4437596797943115,5243904
Qwen/Qwen2.5-Coder-32B,False,0.030657976865768433,5120,5120,5.3495941162109375,9.922203253947076,1.1961477994918823,10.097612380981445,4.200223861287921,1.8547581439645502,model.layers.51.self_attn.o_proj,5105,15857.103515625,5111,71.57447052001953,221.54692029736685,71.57447052001953,1.326818710367661e-05,26214400
Qwen/Qwen2.5-Coder-32B,False,0.01042945683002472,27648,5120,4.550334930419922,12.446331686147099,1.2474859952926636,12.449372291564941,4.87819422774561,2.7352561682747396,model.layers.51.mlp.gate_proj,5120,75543.0,5120,543.5708618164062,138.97544056641325,543.5708618164062,0.5309777855873108,141557760
Qwen/Qwen2.5-Coder-32B,False,0.026942551136016846,27648,5120,7.805327415466309,16.28625134932468,1.2533694505691528,16.3652286529541,4.887040911755985,2.0865558204583916,model.layers.51.mlp.up_proj,5120,77097.609375,5120,122.05506896972656,631.6624948540449,122.05506896972656,0.3941013216972351,141557760
Qwen/Qwen2.5-Coder-32B,False,0.028985679149627686,5120,27648,6.270994186401367,12.186000732337924,1.254379153251648,12.716889381408691,4.89241011713488,1.943232662974434,model.layers.51.mlp.down_proj,5120,78056.6875,5120,87.74707794189453,889.5645226122351,87.74707794189453,1.4922467470169067,141557760
Qwen/Qwen2.5-Coder-32B,False,0.03888791799545288,5120,5120,2.7008581161499023,4.120509086960385,1.1879570484161377,5.74893045425415,4.033564868840628,1.5256295998377758,model.layers.52.self_attn.q_proj,5108,10803.509765625,5109,33.54513931274414,322.0588731172935,33.54513931274414,1.1182552952959668e-05,26219520
Qwen/Qwen2.5-Coder-32B,False,0.07850950956344604,1024,5120,8.723197937011719,9.44869365853129,0.9892928600311279,9.868444442749023,3.2827258064117553,1.0831685497403838,model.layers.52.self_attn.k_proj,1024,1917.457763671875,1024,12.11068058013916,158.32782897572235,12.11068058013916,0.06750202924013138,5243904
Qwen/Qwen2.5-Coder-32B,False,0.03775566816329956,1024,5120,3.6053576469421387,6.07872519546261,1.0190309286117554,6.395469665527344,3.6779079171034033,1.6860255738063163,model.layers.52.self_attn.v_proj,1024,4763.2998046875,1024,48.531707763671875,98.14820092222347,48.531707763671875,0.36836007237434387,5243904
Qwen/Qwen2.5-Coder-32B,False,0.030839726328849792,5120,5120,2.7914633750915527,5.402605174527275,1.1825227737426758,6.640090465545654,4.2398999636425945,1.9354024927337916,model.layers.52.self_attn.o_proj,5105,17374.005859375,5112,86.17920684814453,201.60322303719448,86.17920684814453,1.0331678822694812e-05,26214400
Qwen/Qwen2.5-Coder-32B,False,0.009723842144012451,27648,5120,4.478026866912842,12.1953079980212,1.247444748878479,12.199248313903809,4.88212623133334,2.7233664201815437,model.layers.52.mlp.gate_proj,5120,76230.0546875,5120,528.8912963867188,144.131800255154,528.8912963867188,0.550068199634552,141557760
Qwen/Qwen2.5-Coder-32B,False,0.027324259281158447,27648,5120,7.846582412719727,16.178205659840387,1.2533308267593384,16.249372482299805,4.888873063042822,2.0618155534331297,model.layers.52.mlp.up_proj,5120,77423.546875,5120,115.29634857177734,671.5177699387439,115.29634857177734,0.4210175573825836,141557760
Qwen/Qwen2.5-Coder-32B,False,0.02960425615310669,5120,27648,5.233139991760254,10.633799763726229,1.254335641860962,11.210331916809082,4.894927570340446,2.0320113317185258,model.layers.52.mlp.down_proj,5120,78510.46875,5120,107.64933013916016,729.3168350282176,107.64933013916016,2.1162307262420654,141557760
Qwen/Qwen2.5-Coder-32B,False,0.05353379249572754,5120,5120,2.929986000061035,4.681196529860508,1.1962990760803223,5.990716934204102,4.0612693196784155,1.5976856304989147,model.layers.53.self_attn.q_proj,5107,11515.142578125,5109,39.59912872314453,290.79282674708793,39.59912872314453,1.1457138498371933e-05,26219520
Qwen/Qwen2.5-Coder-32B,False,0.07686319947242737,1024,5120,9.516501426696777,10.610241476007577,1.0013631582260132,10.877889633178711,3.3391775237152306,1.1149308974243954,model.layers.53.self_attn.k_proj,1024,2183.622314453125,1024,13.029594421386719,167.58943093953386,13.029594421386719,0.06361404061317444,5243904
Qwen/Qwen2.5-Coder-32B,False,0.08291268348693848,1024,5120,7.378936767578125,8.357309103100729,1.0243548154830933,9.396478652954102,3.6110338062527094,1.1325898793199334,model.layers.53.self_attn.v_proj,1024,4083.51171875,1024,13.570313453674316,300.9150623299967,13.570313453674316,0.4562073051929474,5243904
Qwen/Qwen2.5-Coder-32B,False,0.04476135969161987,5120,5120,6.063901901245117,11.585612902568837,1.2114216089248657,11.590447425842285,4.207887947664548,1.9105871254595876,model.layers.53.self_attn.o_proj,5108,16139.4208984375,5113,81.39301300048828,198.2900043071348,81.39301300048828,1.0015697625931352e-05,26214400
Qwen/Qwen2.5-Coder-32B,False,0.011278271675109863,27648,5120,4.12457275390625,11.385409990727334,1.2462345361709595,11.394813537597656,4.8894872887148315,2.760385298075923,model.layers.53.mlp.gate_proj,5120,77533.125,5120,575.95068359375,134.61764558767052,575.95068359375,0.5704610347747803,141557760
Qwen/Qwen2.5-Coder-32B,False,0.02927061915397644,27648,5120,6.186046600341797,12.473531447100003,1.2530709505081177,12.822428703308105,4.890375733764473,2.0163979117795208,model.layers.53.mlp.up_proj,5120,77691.8984375,5120,103.84794616699219,748.1312948892405,103.84794616699219,0.42766499519348145,141557760
Qwen/Qwen2.5-Coder-32B,False,0.04694181680679321,5120,27648,6.01515531539917,12.251274593726194,1.253974437713623,12.700066566467285,4.8952710898219935,2.0367345398982755,model.layers.53.mlp.down_proj,5120,78572.59375,5120,108.82646942138672,721.998923311196,108.82646942138672,1.756142020225525,141557760
Qwen/Qwen2.5-Coder-32B,False,0.054951056838035583,5120,5120,6.487504482269287,9.618481512419752,1.2001978158950806,10.368423461914062,4.057325043388902,1.4826165498162815,model.layers.54.self_attn.q_proj,5109,11411.03515625,5110,30.38201332092285,375.5852199693325,30.38201332092285,1.1207221177755855e-05,26219520
Qwen/Qwen2.5-Coder-32B,False,0.07389059662818909,1024,5120,3.508326530456543,3.915590801511391,1.0029540061950684,5.110951900482178,3.3361001127331553,1.1160850529502595,model.layers.54.self_attn.k_proj,1024,2168.203857421875,1024,13.0642671585083,165.96444569872406,13.0642671585083,0.06331119686365128,5243904
Qwen/Qwen2.5-Coder-32B,False,0.04899713397026062,1024,5120,8.733814239501953,10.389899665614472,1.0279622077941895,11.049559593200684,3.637575032887951,1.1896176608179105,model.layers.54.self_attn.v_proj,1024,4340.8525390625,1024,15.474536895751953,280.5158285708792,15.474536895751953,0.5308123230934143,5243904
Qwen/Qwen2.5-Coder-32B,False,0.02899909019470215,5120,5120,3.518610715866089,5.767919225739219,1.2057790756225586,6.982672691345215,4.195965722989229,1.6392604046053085,model.layers.54.self_attn.o_proj,5112,15702.388671875,5113,43.577308654785156,360.3340627634365,43.577308654785156,1.6101635992527008e-05,26214400
Qwen/Qwen2.5-Coder-32B,False,0.01261228322982788,27648,5120,4.0744171142578125,11.289392854922042,1.2461000680923462,11.299613952636719,4.891671673090761,2.7707994882056877,model.layers.54.mlp.gate_proj,5120,77924.078125,5120,589.9286499023438,132.09068272561348,589.9286499023438,0.20320764183998108,141557760
Qwen/Qwen2.5-Coder-32B,False,0.03542745113372803,27648,5120,6.663521766662598,13.196008854175808,1.2534276247024536,13.552956581115723,4.894430818424892,1.9803355217049115,model.layers.54.mlp.up_proj,5120,78420.71875,5120,95.57306671142578,820.5315728413765,95.57306671142578,0.1926351636648178,141557760
Qwen/Qwen2.5-Coder-32B,False,0.048652589321136475,5120,27648,3.9318976402282715,8.820216649599107,1.2527058124542236,9.335108757019043,4.896338704956008,2.243246761908847,model.layers.54.mlp.down_proj,5120,78765.984375,5120,175.08412170410156,449.8750863777204,175.08412170410156,1.4683470726013184,141557760
Qwen/Qwen2.5-Coder-32B,False,0.032634735107421875,5120,5120,3.5664687156677246,5.313748970286426,1.2053998708724976,6.497434616088867,4.037286633967985,1.4899188508069026,model.layers.55.self_attn.q_proj,5111,10896.490234375,5111,30.897180557250977,352.66940341641634,30.897180557250977,1.2436906217772048e-05,26219520
Qwen/Qwen2.5-Coder-32B,False,0.05676490068435669,1024,5120,6.6146111488342285,7.260730487353146,1.0124139785766602,7.6885857582092285,3.3338760985565523,1.0976806230904126,model.layers.55.self_attn.k_proj,1024,2157.12890625,1024,12.522199630737305,172.2643760569874,12.522199630737305,0.04955444112420082,5243904
Qwen/Qwen2.5-Coder-32B,False,0.03507697582244873,1024,5120,11.310887336730957,13.913802672522806,1.033918857574463,14.003042221069336,3.6873330574431074,1.230124769021361,model.layers.55.self_attn.v_proj,1024,4867.8037109375,1024,16.987316131591797,286.55519643180753,16.987316131591797,0.7917697429656982,5243904
Qwen/Qwen2.5-Coder-32B,False,0.03746449947357178,5120,5120,3.7048304080963135,6.309509201479077,1.2063699960708618,7.229104518890381,4.205771789901,1.7030493994247768,model.layers.55.self_attn.o_proj,5111,16060.970703125,5113,50.47187042236328,318.21627708111725,50.47187042236328,1.1400096809666138e-05,26214400
Qwen/Qwen2.5-Coder-32B,False,0.011034607887268066,27648,5120,4.130927085876465,11.413941118406697,1.2466404438018799,11.422186851501465,4.891996283716749,2.7630458928773334,model.layers.55.mlp.gate_proj,5120,77982.34375,5120,579.4899291992188,134.57066261317374,579.4899291992188,0.5899813771247864,141557760
Qwen/Qwen2.5-Coder-32B,False,0.03489285707473755,27648,5120,8.553570747375488,17.055758439123533,1.2537565231323242,17.13329315185547,4.898687223717162,1.9939927946883225,model.layers.55.mlp.up_proj,5120,79193.078125,5120,98.62631225585938,802.9609575135985,98.62631225585938,0.44981157779693604,141557760
Qwen/Qwen2.5-Coder-32B,False,0.032536447048187256,5120,27648,3.6718151569366455,8.404536738880745,1.2515802383422852,9.02832317352295,4.897748017220548,2.2889324161656757,model.layers.55.mlp.down_proj,5120,79022.0,5120,194.5057373046875,406.2707922914087,194.5057373046875,1.2720425128936768,141557760
Qwen/Qwen2.5-Coder-32B,False,0.021062195301055908,5120,5120,3.247804641723633,4.92727658195434,1.2017232179641724,6.163046836853027,4.005690409162727,1.5171099020720038,model.layers.56.self_attn.q_proj,5109,10131.888671875,5109,32.89348602294922,308.0211280983157,32.89348602294922,1.4469320376520045e-05,26219520
Qwen/Qwen2.5-Coder-32B,False,0.050601959228515625,1024,5120,6.1053643226623535,7.628122829375633,1.000346064567566,7.734248638153076,3.254734163139393,1.2494132088172019,model.layers.56.self_attn.k_proj,1024,1797.7701416015625,1024,17.7587833404541,101.23273127085702,17.7587833404541,0.07108686864376068,5243904
Qwen/Qwen2.5-Coder-32B,False,0.03486868739128113,1024,5120,7.380748271942139,9.370497189474435,1.0263084173202515,9.906414985656738,3.6770276842764313,1.2695863406013062,model.layers.56.self_attn.v_proj,1024,4753.6552734375,1024,18.6031436920166,255.52967563635468,18.6031436920166,0.7060385942459106,5243904
Qwen/Qwen2.5-Coder-32B,False,0.021720945835113525,5120,5120,6.758144855499268,12.014498058746318,1.216626763343811,12.024709701538086,4.206862121923631,1.7777804879352102,model.layers.56.self_attn.o_proj,5110,16101.34375,5114,59.94879913330078,268.5849255161462,59.94879913330078,1.1416647794249002e-05,26214400
Qwen/Qwen2.5-Coder-32B,False,0.010841965675354004,27648,5120,4.182917594909668,11.578818885294037,1.2468414306640625,11.585040092468262,4.89072404934675,2.76812024683075,model.layers.56.mlp.gate_proj,5120,77754.234375,5120,586.3004760742188,132.6184056605767,586.3004760742188,0.5903234481811523,141557760
Qwen/Qwen2.5-Coder-32B,False,0.0276792049407959,27648,5120,8.507621765136719,17.139144677926346,1.253957748413086,17.1846981048584,4.900984074672704,2.0145635467905545,model.layers.56.mlp.up_proj,5120,79613.015625,5120,103.41024017333984,769.8755509275474,103.41024017333984,0.44496119022369385,141557760
Qwen/Qwen2.5-Coder-32B,False,0.047784268856048584,5120,27648,4.771695137023926,10.42765936670657,1.2508187294006348,10.974282264709473,4.898970970613184,2.185315504713956,model.layers.56.mlp.down_proj,5120,79244.8359375,5120,153.2200164794922,517.1963674087358,153.2200164794922,1.059775710105896,141557760
Qwen/Qwen2.5-Coder-32B,False,0.02806106209754944,5120,5120,3.6246588230133057,5.517748392850527,1.2065184116363525,6.4898762702941895,4.007575056075722,1.5222807613830618,model.layers.57.self_attn.q_proj,5111,10175.9521484375,5111,33.28746795654297,305.6991947156293,33.28746795654297,1.2461482583603356e-05,26219520
Qwen/Qwen2.5-Coder-32B,False,0.04595839977264404,1024,5120,5.058528900146484,5.697821203187287,1.0078186988830566,6.153301239013672,3.263363196745239,1.1263790947250079,model.layers.57.self_attn.k_proj,1024,1833.847412109375,1024,13.3776273727417,137.08315839668467,13.3776273727417,0.034146249294281006,5243904
Qwen/Qwen2.5-Coder-32B,False,0.05750960111618042,1024,5120,11.880159378051758,15.305610404847636,1.0244863033294678,15.67967700958252,3.7071224617540466,1.2883337603302105,model.layers.57.self_attn.v_proj,1024,5094.7451171875,1024,19.42378044128418,262.2942085135445,19.42378044128418,0.6926242709159851,5243904
Qwen/Qwen2.5-Coder-32B,False,0.03854775428771973,5120,5120,5.919809341430664,11.600214562963203,1.206379771232605,11.626398086547852,4.21709841904837,1.959558812439681,model.layers.57.self_attn.o_proj,5108,16485.359375,5113,91.10848236083984,180.94209175506714,91.10848236083984,1.2453196177375503e-05,26214400
Qwen/Qwen2.5-Coder-32B,False,0.011227607727050781,27648,5120,4.324861526489258,12.036601596243163,1.2472834587097168,12.039807319641113,4.889251790796674,2.783118377899598,model.layers.57.mlp.gate_proj,5120,77491.09375,5120,606.9017333984375,127.68309840882637,606.9017333984375,0.5833548903465271,141557760
Qwen/Qwen2.5-Coder-32B,False,0.03208434581756592,27648,5120,9.372432708740234,18.835800767900853,1.254353642463684,18.86174774169922,4.904890142328132,2.009702427667001,model.layers.57.mlp.up_proj,5120,80332.2890625,5120,102.25920867919922,785.5751095680107,102.25920867919922,0.43746647238731384,141557760
Qwen/Qwen2.5-Coder-32B,False,0.04277533292770386,5120,27648,4.370746612548828,9.321495151799343,1.2487331628799438,10.336894035339355,4.900254016406344,2.132700881134689,model.layers.57.mlp.down_proj,5120,79479.296875,5120,135.73782348632812,585.5353713035289,135.73782348632812,0.8787891268730164,141557760
Qwen/Qwen2.5-Coder-32B,False,0.019011616706848145,5120,5120,3.591809034347534,5.30957999215228,1.2055457830429077,6.588193893432617,4.03491028657883,1.478246739004816,model.layers.58.self_attn.q_proj,5109,10837.0302734375,5109,30.07784652709961,360.29940719570885,30.07784652709961,1.1581276339711621e-05,26219520
Qwen/Qwen2.5-Coder-32B,False,0.046923667192459106,1024,5120,5.381864070892334,7.115756973897678,1.0002745389938354,7.219596862792969,3.2700753882380753,1.3221732990959503,model.layers.58.self_attn.k_proj,1024,1862.410400390625,1024,20.99777603149414,88.69560269607759,20.99777603149414,0.09635673463344574,5243904
Qwen/Qwen2.5-Coder-32B,False,0.06804502010345459,1024,5120,9.309764862060547,12.472768124897415,1.0194932222366333,12.85628604888916,3.6638619858895085,1.3397511440623857,model.layers.58.self_attn.v_proj,1024,4611.7099609375,1024,21.865083694458008,210.9166388467289,21.865083694458008,0.5461477041244507,5243904
Qwen/Qwen2.5-Coder-32B,False,0.01664787530899048,5120,5120,4.719779014587402,8.628093743042772,1.214474081993103,8.816688537597656,4.197835808065458,1.828071550887437,model.layers.58.self_attn.o_proj,5109,15770.1494140625,5112,67.30875396728516,234.29566712418188,67.30875396728516,1.4883584299241193e-05,26214400
Qwen/Qwen2.5-Coder-32B,False,0.014017045497894287,27648,5120,4.5457963943481445,12.628376266254623,1.2482390403747559,12.629964828491211,4.885746905656219,2.7780338516603313,model.layers.58.mlp.gate_proj,5120,76868.234375,5120,599.8378295898438,128.1483604119481,599.8378295898438,0.47369512915611267,141557760
Qwen/Qwen2.5-Coder-32B,False,0.04098522663116455,27648,5120,9.503645896911621,19.92675150752752,1.2547780275344849,19.933053970336914,4.909610262523276,2.0967481031677613,model.layers.58.mlp.up_proj,5120,81210.140625,5120,124.95340728759766,649.9233785444807,124.95340728759766,0.34593525528907776,141557760
Qwen/Qwen2.5-Coder-32B,False,0.03800910711288452,5120,27648,4.034041881561279,8.994673853246164,1.246374249458313,9.982078552246094,4.902320978537995,2.2296927293588213,model.layers.58.mlp.down_proj,5120,79858.46875,5120,169.70425415039062,470.57434800208387,169.70425415039062,0.7508074045181274,141557760
Qwen/Qwen2.5-Coder-32B,False,0.025909632444381714,5120,5120,2.8502182960510254,4.451413103908554,1.1938141584396362,5.7424702644348145,3.9682462001102285,1.561779710022907,model.layers.59.self_attn.q_proj,5107,9294.931640625,5109,36.4568977355957,254.95673570572725,36.4568977355957,1.0682130778150167e-05,26219520
Qwen/Qwen2.5-Coder-32B,False,0.0569365918636322,1024,5120,5.750101566314697,6.101034760492674,0.9974772930145264,6.706370830535889,3.220026930005107,1.0610307818271971,model.layers.59.self_attn.k_proj,1024,1659.6898193359375,1024,11.508819580078125,144.21025612469208,11.508819580078125,0.024958036839962006,5243904
Qwen/Qwen2.5-Coder-32B,False,0.0579606294631958,1024,5120,6.800657749176025,9.206875480169296,1.023736596107483,10.024540901184082,3.797625794472094,1.3538213243101098,model.layers.59.self_attn.v_proj,1024,6275.17431640625,1024,22.585063934326172,277.84620555662246,22.585063934326172,0.7235143780708313,5243904
Qwen/Qwen2.5-Coder-32B,False,0.052157461643218994,5120,5120,4.14940881729126,8.52339750486563,1.2089157104492188,8.601737022399902,4.257404617520711,2.0541233414618607,model.layers.59.self_attn.o_proj,5106,18088.5859375,5114,113.27220153808594,159.69130723938483,113.27220153808594,1.091759440896567e-05,26214400
Qwen/Qwen2.5-Coder-32B,False,0.013277709484100342,27648,5120,4.807767868041992,13.465767755012513,1.2488631010055542,13.466376304626465,4.876991658262397,2.8008356735610387,model.layers.59.mlp.gate_proj,5120,75334.109375,5120,632.172607421875,119.1669940939507,632.172607421875,0.42787450551986694,141557760
Qwen/Qwen2.5-Coder-32B,False,0.05154275894165039,27648,5120,8.453248977661133,19.4197454583574,1.2546977996826172,19.420408248901367,4.910586013947754,2.297311425426689,model.layers.59.mlp.up_proj,5120,81392.8046875,5120,198.2948455810547,410.46354205021436,198.2948455810547,0.3082102835178375,141557760
Qwen/Qwen2.5-Coder-32B,False,0.02768486738204956,5120,27648,4.308448791503906,8.874708580994682,1.2483394145965576,10.152244567871094,4.903371296634857,2.0598384733027957,model.layers.59.mlp.down_proj,5120,80051.8359375,5120,114.77266693115234,697.481709521658,114.77266693115234,0.7591211795806885,141557760
Qwen/Qwen2.5-Coder-32B,False,0.02624419331550598,5120,5120,2.8183701038360596,4.376499890624432,1.1936854124069214,5.603394508361816,3.938220689082306,1.552847826716447,model.layers.60.self_attn.q_proj,5106,8674.025390625,5108,35.71476745605469,242.86943492766608,35.71476745605469,1.0799260962812696e-05,26219520
Qwen/Qwen2.5-Coder-32B,False,0.06269751489162445,1024,5120,7.785979747772217,7.594535944469288,0.9924107789993286,7.953493595123291,3.075886166004538,0.9754117260120403,model.layers.60.self_attn.k_proj,1024,1190.9298095703125,1024,9.449563026428223,126.03014618131651,9.449563026428223,0.03776424005627632,5243904
Qwen/Qwen2.5-Coder-32B,False,0.045784831047058105,1024,5120,7.058656692504883,13.223381100413263,1.0253692865371704,13.22437572479248,3.8382148514625505,1.8733565997697963,model.layers.60.self_attn.v_proj,1024,6889.9306640625,1024,74.70619201660156,92.22703604717782,74.70619201660156,0.48373353481292725,5243904
Qwen/Qwen2.5-Coder-32B,False,0.0555424690246582,5120,5120,8.156883239746094,16.160596800638547,1.2036157846450806,16.16926383972168,4.28926469216631,1.9812220336675548,model.layers.60.self_attn.o_proj,5105,19465.4609375,5112,95.76835632324219,203.2556648649079,95.76835632324219,1.3551177289627958e-05,26214400
Qwen/Qwen2.5-Coder-32B,False,0.009537354111671448,27648,5120,4.772978782653809,13.386769069293468,1.2492142915725708,13.387649536132812,4.868036592294152,2.8046990524961717,model.layers.60.mlp.gate_proj,5120,73796.640625,5120,637.8213500976562,115.70111382082312,637.8213500976562,0.3137359917163849,141557760
Qwen/Qwen2.5-Coder-32B,False,0.051362693309783936,27648,5120,7.1751909255981445,17.449821732908145,1.2543272972106934,17.4509220123291,4.91254959740947,2.431966189311329,model.layers.60.mlp.up_proj,5120,81761.640625,5120,270.3747863769531,302.40112889450035,270.3747863769531,0.22824016213417053,141557760
Qwen/Qwen2.5-Coder-32B,False,0.0148659348487854,5120,27648,5.096243858337402,10.446280624599813,1.2510733604431152,11.217849731445312,4.905031061455284,2.049799992892767,model.layers.60.mlp.down_proj,5120,80358.359375,5120,112.15018463134766,716.5245392965553,112.15018463134766,0.9695085287094116,141557760
Qwen/Qwen2.5-Coder-32B,False,0.017107784748077393,5120,5120,2.8506019115448,4.475076566535856,1.1912434101104736,5.662553310394287,3.9166693972863036,1.5698707520022395,model.layers.61.self_attn.q_proj,5106,8254.09375,5108,37.1424674987793,222.22793222532331,37.1424674987793,1.0225542609987315e-05,26219520
Qwen/Qwen2.5-Coder-32B,False,0.061989665031433105,1024,5120,6.76662015914917,6.9161624847608545,0.9887449145317078,7.135983943939209,3.045397240446304,1.0221000029696492,model.layers.61.self_attn.k_proj,1024,1110.1898193359375,1024,10.522041320800781,105.51087811651422,10.522041320800781,0.04947442561388016,5243904
Qwen/Qwen2.5-Coder-32B,False,0.04779583215713501,1024,5120,8.241302490234375,12.763887594342672,1.0179294347763062,12.991374969482422,3.855594685467123,1.5487706718042913,model.layers.61.self_attn.v_proj,1024,7171.2470703125,1024,35.381046295166016,202.686122125571,35.381046295166016,0.007169209420681,5243904
Qwen/Qwen2.5-Coder-32B,False,0.024597227573394775,5120,5120,3.9640188217163086,8.172443752346465,1.200135588645935,8.492859840393066,4.28605826759737,2.0616561423913793,model.layers.61.self_attn.o_proj,5098,19322.275390625,5108,115.25403594970703,167.64944699252518,115.25403594970703,1.104907914850628e-05,26214400
Qwen/Qwen2.5-Coder-32B,False,0.02237147092819214,27648,5120,4.092865943908691,12.038576922455727,1.2478917837142944,12.040251731872559,4.86348764138053,2.941356273926449,model.layers.61.mlp.gate_proj,5120,73027.703125,5120,873.6878051757812,83.58558136256374,873.6878051757812,0.28468257188796997,141557760
Qwen/Qwen2.5-Coder-32B,False,0.03882133960723877,27648,5120,3.3619039058685303,9.148090513745306,1.2525577545166016,9.19861125946045,4.9091052717021,2.721104103474351,model.layers.61.mlp.up_proj,5120,81115.765625,5120,526.1433715820312,154.1704600042713,526.1433715820312,0.19671396911144257,141557760
Qwen/Qwen2.5-Coder-32B,False,0.03721356391906738,5120,27648,5.079434871673584,11.023090696760514,1.2520474195480347,11.404884338378906,4.899355328568405,2.170141162402305,model.layers.61.mlp.down_proj,5120,79315.0,5120,147.95892333984375,536.0609431972077,147.95892333984375,1.2951140403747559,141557760
Qwen/Qwen2.5-Coder-32B,False,0.020092427730560303,5120,5120,2.627742290496826,4.771998717948709,1.180504322052002,5.605666160583496,3.9319397245047347,1.816007123379846,model.layers.62.self_attn.q_proj,5100,8549.48046875,5107,65.46469116210938,130.59681970512978,65.46469116210938,1.1356440154486336e-05,26219520
Qwen/Qwen2.5-Coder-32B,False,0.033772289752960205,1024,5120,3.5775351524353027,4.00015191785994,0.9853400588035583,4.62483549118042,3.078604684644041,1.1181307093899422,model.layers.62.self_attn.k_proj,1024,1198.407958984375,1024,13.125948905944824,91.30067224637821,13.125948905944824,0.010109802708029747,5243904
Qwen/Qwen2.5-Coder-32B,False,0.05592191219329834,1024,5120,8.382913589477539,14.526222389931812,1.006935477256775,14.682182312011719,3.9348762430110487,1.7328369468302192,model.layers.62.self_attn.v_proj,1024,8607.484375,1024,54.05513381958008,159.23528010732926,54.05513381958008,0.2750774919986725,5243904
Qwen/Qwen2.5-Coder-32B,False,0.0690467357635498,5120,5120,4.856771469116211,11.328177300051776,1.1978487968444824,11.3453369140625,4.302918753378815,2.3324501414338052,model.layers.62.self_attn.o_proj,5096,20087.169921875,5110,215.0057830810547,93.42618432873672,215.0057830810547,1.0660758562153205e-05,26214400
Qwen/Qwen2.5-Coder-32B,False,0.026283740997314453,27648,5120,3.43827486038208,10.052458463553164,1.2468563318252563,10.066880226135254,4.865256004790994,2.923692512016354,model.layers.62.mlp.gate_proj,5120,73325.6640625,5120,838.8658447265625,87.4104775196817,838.8658447265625,0.2020324021577835,141557760
Qwen/Qwen2.5-Coder-32B,False,0.04076409339904785,27648,5120,5.1895527839660645,15.35051960228198,1.249172329902649,15.350744247436523,4.906544712716674,2.957965790368259,model.layers.62.mlp.up_proj,5120,80638.921875,5120,907.7490234375,88.83393955042037,907.7490234375,0.13566261529922485,141557760
Qwen/Qwen2.5-Coder-32B,False,0.025204956531524658,5120,27648,6.466245174407959,14.223395923966935,1.2537823915481567,14.45600414276123,4.8770347578456885,2.1996375856981345,model.layers.62.mlp.down_proj,5120,75341.5859375,5120,158.35711669921875,475.7701296153474,158.35711669921875,1.7988523244857788,141557760
Qwen/Qwen2.5-Coder-32B,False,0.01831069588661194,5120,5120,3.063915491104126,6.158968280657014,1.1923348903656006,6.418941497802734,3.9855705267244335,2.0101625839678565,model.layers.63.self_attn.q_proj,5098,9673.2080078125,5109,102.36761474609375,94.49480709114228,102.36761474609375,1.0257074791297782e-05,26219520
Qwen/Qwen2.5-Coder-32B,False,0.06089812517166138,1024,5120,3.0686042308807373,3.4614386593416664,0.9938270449638367,4.430113315582275,3.155962268607204,1.1280173000179237,model.layers.63.self_attn.k_proj,1024,1432.0634765625,1024,13.428184509277344,106.6460976592262,13.428184509277344,0.057313721626996994,5243904
Qwen/Qwen2.5-Coder-32B,False,0.055981576442718506,1024,5120,3.8500075340270996,7.8128703917005815,0.9906914234161377,7.8534088134765625,3.657112927233438,2.0293130137146345,model.layers.63.self_attn.v_proj,1024,4540.5966796875,1024,106.9825668334961,42.442397991387935,106.9825668334961,0.0009780965046957135,5243904
Qwen/Qwen2.5-Coder-32B,False,0.024369537830352783,5120,5120,3.3175406455993652,9.170874395098199,1.174804925918579,9.183867454528809,4.174319142511578,2.7643593175755465,model.layers.63.self_attn.o_proj,5065,14938.91796875,5103,581.2451171875,25.701580154403178,581.2451171875,1.1238060324103571e-05,26214400
Qwen/Qwen2.5-Coder-32B,False,0.027521193027496338,27648,5120,3.4268927574157715,10.557735393435912,1.2431102991104126,10.568867683410645,4.885318806390002,3.0808479111548057,model.layers.63.mlp.gate_proj,5120,76792.5,5120,1204.614013671875,63.74863576916474,1204.614013671875,0.2347133606672287,141557760
Qwen/Qwen2.5-Coder-32B,False,0.045107126235961914,27648,5120,2.73130464553833,8.351294003605716,1.2449332475662231,8.444276809692383,4.912252039491432,3.0576208396407965,model.layers.63.mlp.up_proj,5120,81705.640625,5120,1141.8809814453125,71.55355238650421,1141.8809814453125,0.2595342695713043,141557760
Qwen/Qwen2.5-Coder-32B,False,0.028778016567230225,5120,27648,5.225385665893555,13.683702303150017,1.2500219345092773,13.687779426574707,4.841598425071551,2.618697102582201,model.layers.63.mlp.down_proj,5120,69438.1953125,5120,415.6206359863281,167.07109633214694,415.6206359863281,1.9233496189117432,141557760
