model_id,is_adapter,D,M,N,alpha,alpha_weighted,entropy,log_alpha_norm,log_norm,log_spectral_norm,longname,matrix_rank,norm,num_evals,spectral_norm,stable_rank,xmax,xmin,params
sthenno-com/miscii-14b-0130,False,0.018543243408203125,5120,5120,3.466571807861328,7.652970940814349,1.1708180904388428,7.938592910766602,4.100974389029719,2.207648179524019,model.layers.0.self_attn.q_proj,5048,12617.53125,5091,161.3051300048828,78.2215125434514,161.3051300048828,1.044872715283418e-05,26219520
sthenno-com/miscii-14b-0130,False,0.04038119316101074,1024,5120,3.422924757003784,5.887035625333639,1.0046412944793701,6.299728870391846,3.666722632139187,1.719884614258008,model.layers.0.self_attn.k_proj,1024,4642.18701171875,1024,52.46680450439453,88.47855430818029,52.46680450439453,0.00851432140916586,5243904
sthenno-com/miscii-14b-0130,False,0.07061111927032471,1024,5120,2.9937644004821777,2.995869979181736,1.0313750505447388,3.4687998294830322,2.965192338674197,1.0007033214434706,model.layers.0.self_attn.v_proj,1024,922.9801025390625,1024,10.016207695007324,92.14865851864582,10.016207695007324,0.0822516605257988,5243904
sthenno-com/miscii-14b-0130,False,0.03949248790740967,5120,5120,3.669668436050415,6.999843890672176,1.1877161264419556,7.3763861656188965,3.7964831997477893,1.9074867423733675,model.layers.0.self_attn.o_proj,5086,6258.6865234375,5099,80.81402587890625,77.44554803909499,80.81402587890625,1.15440225272323e-05,26214400
sthenno-com/miscii-14b-0130,False,0.028019964694976807,13824,5120,3.8924813270568848,9.004941653832537,1.1773186922073364,9.17133617401123,4.3829644086833905,2.313419358299452,model.layers.0.mlp.gate_proj,5120,24152.62890625,5120,205.7876739501953,117.36674234480834,205.7876739501953,0.011638975702226162,70778880
sthenno-com/miscii-14b-0130,False,0.03312939405441284,13824,5120,10.301863670349121,19.688355300162467,1.188247799873352,19.689054489135742,4.328573697530779,1.9111450054255323,model.layers.0.mlp.up_proj,5120,21309.521484375,5120,81.49763488769531,261.47410920255254,81.49763488769531,0.008206278085708618,70778880
sthenno-com/miscii-14b-0130,False,0.013757318258285522,5120,13824,4.376380920410156,8.287176849680113,1.2394803762435913,8.66668701171875,4.444608899945347,1.8936141529708148,model.layers.0.mlp.down_proj,5120,27836.1328125,5120,78.27339172363281,355.6270170428239,78.27339172363281,0.07256092876195908,70778880
sthenno-com/miscii-14b-0130,False,0.05484631657600403,5120,5120,1.5341981649398804,3.265325172861602,0.7952023148536682,3.68892502784729,2.9448729964105698,2.128359456739122,model.layers.1.self_attn.q_proj,2654,880.791259765625,3561,134.38768005371094,6.554107187605275,134.38768005371094,1.0004449904954527e-05,26219520
sthenno-com/miscii-14b-0130,False,0.029912829399108887,1024,5120,1.4574812650680542,2.4387735030687856,0.6588719487190247,3.194324016571045,2.6876321475406693,1.6732794866868577,model.layers.1.self_attn.k_proj,1022,487.11572265625,1024,47.1280517578125,10.33600381275044,47.1280517578125,1.641774724703282e-05,5243904
sthenno-com/miscii-14b-0130,False,0.038097381591796875,1024,5120,3.730705499649048,3.4445733628593036,0.9579509496688843,4.020447254180908,2.7356533725407988,0.923303477903399,model.layers.1.self_attn.v_proj,1024,544.0682373046875,1024,8.381147384643555,64.91572243456335,8.381147384643555,0.00016647527809254825,5243904
sthenno-com/miscii-14b-0130,False,0.027967602014541626,5120,5120,2.7301650047302246,5.8479716906561245,1.1339242458343506,5.976779937744141,3.644917451093525,2.141984708075906,model.layers.1.self_attn.o_proj,5017,4414.865234375,5073,138.6707000732422,31.83704439397209,138.6707000732422,1.0591565114737023e-05,26214400
sthenno-com/miscii-14b-0130,False,0.05496200919151306,13824,5120,2.914717197418213,7.855178530549695,0.9538242220878601,7.857852935791016,3.389436309124334,2.695005380799079,model.layers.1.mlp.gate_proj,1582,2451.52490234375,2816,495.4563293457031,4.948014097592052,495.4563293457031,1.0003678653447423e-05,70778880
sthenno-com/miscii-14b-0130,False,0.029880523681640625,13824,5120,2.9241223335266113,5.756482860690017,1.0154330730438232,5.823779582977295,3.1281667159559574,1.9686190261908307,model.layers.1.mlp.up_proj,2127,1343.280517578125,3053,93.02914428710938,14.439351537325248,93.02914428710938,1.0000964721257333e-05,70778880
sthenno-com/miscii-14b-0130,False,0.04887908697128296,5120,13824,3.2574589252471924,8.747655794081933,1.1898900270462036,8.75382137298584,3.435681949674719,2.6854232071147655,model.layers.1.mlp.down_proj,1420,2726.97998046875,5120,484.6444091796875,5.6267645490524805,484.6444091796875,1.4909142919350415e-05,70778880
sthenno-com/miscii-14b-0130,False,0.06263753771781921,5120,5120,2.0129008293151855,4.098271801785108,0.9708542823791504,4.909964084625244,3.475423421324026,2.036002838341217,model.layers.2.self_attn.q_proj,4213,2988.294677734375,4577,108.64327239990234,27.505565800106194,108.64327239990234,1.0043299880635459e-05,26219520
sthenno-com/miscii-14b-0130,False,0.06363391876220703,1024,5120,1.3951311111450195,2.6074060210740417,0.7661619186401367,3.559866189956665,3.101434914630979,1.86893260443033,model.layers.2.self_attn.k_proj,1024,1263.091796875,1024,73.94905090332031,17.080568059302667,73.94905090332031,7.823023042874411e-05,5243904
sthenno-com/miscii-14b-0130,False,0.05936533212661743,1024,5120,10.417098999023438,7.7966806231624135,1.0055898427963257,8.137154579162598,3.0644481174560734,0.7484502762134949,model.layers.2.self_attn.v_proj,1024,1159.9736328125,1024,5.603382587432861,207.01310587181078,5.603382587432861,0.008828656747937202,5243904
sthenno-com/miscii-14b-0130,False,0.03160196542739868,5120,5120,4.179299354553223,7.203820177227735,1.1832867860794067,7.396104335784912,3.8506541312005753,1.7236908788023013,model.layers.2.self_attn.o_proj,5091,7090.12890625,5101,52.92865753173828,133.95633361753897,52.92865753173828,1.0196949006058276e-05,26214400
sthenno-com/miscii-14b-0130,False,0.025164783000946045,13824,5120,3.160229444503784,7.659605070513518,1.1238269805908203,7.730597496032715,3.9376778119803393,2.4237496691371474,model.layers.2.mlp.gate_proj,3833,8663.189453125,4216,265.3075866699219,32.65338003282645,265.3075866699219,1.0005329386331141e-05,70778880
sthenno-com/miscii-14b-0130,False,0.01592695713043213,13824,5120,3.9763271808624268,7.1847850567194085,1.1746172904968262,7.283373832702637,3.739887728729631,1.8068898080869438,model.layers.2.mlp.up_proj,4403,5493.98828125,4859,64.10469055175781,85.7033741831135,64.10469055175781,1.0014538020186592e-05,70778880
sthenno-com/miscii-14b-0130,False,0.02172762155532837,5120,13824,3.9018337726593018,8.244728224931563,1.2249723672866821,8.326077461242676,3.8276205141679944,2.113039331071337,model.layers.2.mlp.down_proj,3879,6723.888671875,5120,129.72967529296875,51.82999692776869,129.72967529296875,1.648804754950106e-05,70778880
sthenno-com/miscii-14b-0130,False,0.05446434020996094,5120,5120,2.637995719909668,5.200517423392714,1.1114861965179443,5.85504150390625,3.7968703680343667,1.9713896365119175,model.layers.3.self_attn.q_proj,4813,6264.2685546875,4942,93.62452697753906,66.90841339246847,93.62452697753906,1.001363398245303e-05,26219520
sthenno-com/miscii-14b-0130,False,0.058213263750076294,1024,5120,4.374350547790527,6.851708606585359,0.9333122968673706,7.3492751121521,3.36530006280998,1.5663373412188328,model.layers.3.self_attn.k_proj,1024,2318.996337890625,1024,36.84150314331055,62.94521504374867,36.84150314331055,0.0070022232830524445,5243904
sthenno-com/miscii-14b-0130,False,0.04802340269088745,1024,5120,10.811104774475098,7.887609369052856,1.020642638206482,8.149243354797363,3.1170074382123145,0.7295840280519172,model.layers.3.self_attn.v_proj,1024,1309.204345703125,1024,5.365176677703857,244.01886915370457,5.365176677703857,0.0952240526676178,5243904
sthenno-com/miscii-14b-0130,False,0.020918846130371094,5120,5120,4.970012664794922,8.46800414598018,1.2000162601470947,8.538820266723633,3.9155715088747733,1.703819430071733,model.layers.3.self_attn.o_proj,5105,8233.25390625,5109,50.561439514160156,162.8366198700535,50.561439514160156,1.0931711585726589e-05,26214400
sthenno-com/miscii-14b-0130,False,0.025470882654190063,13824,5120,2.699145555496216,7.03979597948751,1.1681574583053589,7.16534948348999,4.228594676523231,2.6081572241083903,model.layers.3.mlp.gate_proj,5120,16927.572265625,5120,405.6553649902344,41.72894956296833,405.6553649902344,0.00028748091426678,70778880
sthenno-com/miscii-14b-0130,False,0.031131893396377563,13824,5120,4.620425701141357,8.07968326968814,1.2063249349594116,8.24073314666748,3.9713731669505026,1.7486880630268031,model.layers.3.mlp.up_proj,5120,9362.09765625,5120,56.06451416015625,166.987938743317,56.06451416015625,0.0003218932542949915,70778880
sthenno-com/miscii-14b-0130,False,0.036071956157684326,5120,13824,4.610287666320801,10.194014943983904,1.2175270318984985,10.201827049255371,4.067776088715328,2.211145091542443,model.layers.3.mlp.down_proj,5120,11688.9658203125,5120,162.60919189453125,71.88379503105823,162.60919189453125,0.006731677334755659,70778880
sthenno-com/miscii-14b-0130,False,0.04327675700187683,5120,5120,2.9936466217041016,5.659162952918119,1.1486412286758423,6.480697154998779,3.9559470738761098,1.890391107583934,model.layers.4.self_attn.q_proj,5002,9035.3935546875,5044,77.69464874267578,116.29364056477905,77.69464874267578,1.0150072739634197e-05,26219520
sthenno-com/miscii-14b-0130,False,0.05858376622200012,1024,5120,3.517667293548584,5.718549473007135,0.9572101831436157,6.455230236053467,3.500012429262571,1.625665247959913,model.layers.4.self_attn.k_proj,1024,3162.3681640625,1024,42.23429489135742,74.87678371800232,42.23429489135742,0.008009539917111397,5243904
sthenno-com/miscii-14b-0130,False,0.10427826642990112,1024,5120,27.327856063842773,17.493616179928416,1.02605402469635,17.98876190185547,3.1914053664085413,0.6401386240859945,model.layers.4.self_attn.v_proj,1024,1553.836669921875,1024,4.366551876068115,355.84981331334495,4.366551876068115,0.2763684093952179,5243904
sthenno-com/miscii-14b-0130,False,0.03016623854637146,5120,5120,4.862360954284668,7.263116194855802,1.2037733793258667,7.735975742340088,3.971329222413406,1.4937427030084245,model.layers.4.self_attn.o_proj,5110,9361.150390625,5110,31.17042350769043,300.32156567636616,31.17042350769043,1.3750245670962613e-05,26214400
sthenno-com/miscii-14b-0130,False,0.011748969554901123,13824,5120,2.5899624824523926,6.686351135107531,1.182444453239441,7.012619972229004,4.375845436708701,2.5816401513184606,model.layers.4.mlp.gate_proj,5120,23759.9453125,5120,381.6279296875,62.25945080056399,381.6279296875,0.0026395530439913273,70778880
sthenno-com/miscii-14b-0130,False,0.02571997046470642,13824,5120,4.041844367980957,8.708447458697776,1.2196428775787354,8.724249839782715,4.145833720851057,2.1545726816413646,model.layers.4.mlp.up_proj,5120,13990.515625,5120,142.74887084960938,98.00788995199456,142.74887084960938,0.003119870787486434,70778880
sthenno-com/miscii-14b-0130,False,0.04778188467025757,5120,13824,5.3266825675964355,12.169011429967673,1.2323718070983887,12.174603462219238,4.240500594123587,2.2845385050715925,model.layers.4.mlp.down_proj,5120,17398.05078125,5120,192.5477752685547,90.35705947256045,192.5477752685547,0.07941451668739319,70778880
sthenno-com/miscii-14b-0130,False,0.03915965557098389,5120,5120,3.8537776470184326,6.319726121074461,1.18822181224823,7.197066307067871,4.036992749559404,1.6398782441337445,model.layers.5.self_attn.q_proj,5085,10889.119140625,5090,43.639347076416016,249.52525347268084,43.639347076416016,1.0034657861979213e-05,26219520
sthenno-com/miscii-14b-0130,False,0.03523224592208862,1024,5120,6.497637748718262,8.99559044752275,1.0040374994277954,9.190804481506348,3.5170890824257763,1.3844401296913236,model.layers.5.self_attn.k_proj,1024,3289.19091796875,1024,24.234838485717773,135.7215943447346,24.234838485717773,0.009124833159148693,5243904
sthenno-com/miscii-14b-0130,False,0.08660414814949036,1024,5120,18.755207061767578,12.354655586694186,1.0292531251907349,13.178644180297852,3.2400955549175303,0.6587320281778763,model.layers.5.self_attn.v_proj,1024,1738.1832275390625,1024,4.55755615234375,381.3849285532536,4.55755615234375,0.2766476273536682,5243904
sthenno-com/miscii-14b-0130,False,0.014659583568572998,5120,5120,4.598999977111816,6.304269557666549,1.211174488067627,7.245079517364502,3.9848159676732204,1.370791387049679,model.layers.5.self_attn.o_proj,5111,9656.416015625,5111,23.485044479370117,411.1729924168315,23.485044479370117,1.1551718671398703e-05,26214400
sthenno-com/miscii-14b-0130,False,0.015500307083129883,13824,5120,2.812922477722168,7.28338238184065,1.20396888256073,7.5570197105407715,4.490008327316099,2.58925812549891,model.layers.5.mlp.gate_proj,5120,30903.546875,5120,388.3811340332031,79.57015459035665,388.3811340332031,0.0026914975605905056,70778880
sthenno-com/miscii-14b-0130,False,0.033080220222473145,13824,5120,5.411659240722656,8.267502780966822,1.2354011535644531,8.8154296875,4.251226550003581,1.527720503677317,model.layers.5.mlp.up_proj,5120,17833.087890625,5120,33.70703125,529.0613628462163,33.70703125,0.003971532452851534,70778880
sthenno-com/miscii-14b-0130,False,0.04220086336135864,5120,13824,5.936092853546143,12.405615730863836,1.240537166595459,12.411613464355469,4.31885131177395,2.08986214281552,model.layers.5.mlp.down_proj,5120,20837.7734375,5120,122.98783111572266,169.42955452148075,122.98783111572266,0.058468788862228394,70778880
sthenno-com/miscii-14b-0130,False,0.029354870319366455,5120,5120,3.789336919784546,6.546308917011745,1.1884373426437378,7.21904993057251,4.021692291648588,1.7275605351513466,model.layers.6.self_attn.q_proj,5090,10512.16796875,5098,53.40237045288086,196.8483398695817,53.40237045288086,1.0118931641045492e-05,26219520
sthenno-com/miscii-14b-0130,False,0.05817905068397522,1024,5120,6.614152908325195,8.525960354529664,1.00394868850708,8.913844108581543,3.475343261408239,1.2890479661874898,model.layers.6.self_attn.k_proj,1024,2987.7431640625,1024,19.45574951171875,153.56607887364595,19.45574951171875,0.021512089297175407,5243904
sthenno-com/miscii-14b-0130,False,0.05958503484725952,1024,5120,10.4331636428833,7.7282297409504155,1.0304245948791504,8.691675186157227,3.281390776325142,0.7407369428372781,model.layers.6.self_attn.v_proj,1024,1911.572509765625,1024,5.504741668701172,347.25925843794505,5.504741668701172,0.37306728959083557,5243904
sthenno-com/miscii-14b-0130,False,0.027240395545959473,5120,5120,3.664271593093872,5.507170027828918,1.202083706855774,6.5732102394104,3.9938736458829056,1.5029371835342102,model.layers.6.self_attn.o_proj,5110,9859.92578125,5111,31.837369918823242,309.69661772910786,31.837369918823242,1.036812591337366e-05,26214400
sthenno-com/miscii-14b-0130,False,0.016578376293182373,13824,5120,3.193831443786621,8.36852687501354,1.2199629545211792,8.433457374572754,4.5203432896431535,2.6202155693889018,model.layers.6.mlp.gate_proj,5120,33139.296875,5120,417.07635498046875,79.45618704889631,417.07635498046875,0.003143549896776676,70778880
sthenno-com/miscii-14b-0130,False,0.025030672550201416,13824,5120,6.01713228225708,9.124554066292742,1.239588975906372,9.75674819946289,4.300307465211563,1.516429029356496,model.layers.6.mlp.up_proj,5120,19966.75390625,5120,32.841957092285156,607.9648009448363,32.841957092285156,0.004351885989308357,70778880
sthenno-com/miscii-14b-0130,False,0.03388068079948425,5120,13824,5.6755595207214355,11.94905809111053,1.24137544631958,11.952406883239746,4.351710909369793,2.1053533219913536,model.layers.6.mlp.down_proj,5120,22475.580078125,5120,127.4539566040039,176.34274115126954,127.4539566040039,0.08929043263196945,70778880
sthenno-com/miscii-14b-0130,False,0.030934393405914307,5120,5120,4.095993995666504,6.8519496170779775,1.1966015100479126,7.487063884735107,4.0359637564288,1.672841714203495,model.layers.7.self_attn.q_proj,5096,10863.349609375,5100,47.080570220947266,230.73955048534305,47.080570220947266,1.004996374831535e-05,26219520
sthenno-com/miscii-14b-0130,False,0.06212913990020752,1024,5120,6.259157180786133,7.8255086356160355,1.0071402788162231,8.361760139465332,3.473215522479401,1.2502495798696611,model.layers.7.self_attn.k_proj,1024,2973.14111328125,1024,17.79301643371582,167.09595724575811,17.79301643371582,0.03066490963101387,5243904
sthenno-com/miscii-14b-0130,False,0.06315428018569946,1024,5120,16.93358612060547,11.812755525400277,1.0345243215560913,12.375692367553711,3.2937602643093493,0.6975932588210622,model.layers.7.self_attn.v_proj,1024,1966.80029296875,1024,4.984174728393555,394.60901757002966,4.984174728393555,0.3742992579936981,5243904
sthenno-com/miscii-14b-0130,False,0.030412226915359497,5120,5120,4.504673957824707,6.765891016061737,1.2072392702102661,7.424325466156006,4.011202583247394,1.501971303452329,model.layers.7.self_attn.o_proj,5110,10261.3046875,5111,31.76664161682129,323.0213886401628,31.76664161682129,1.0650271178747062e-05,26214400
sthenno-com/miscii-14b-0130,False,0.02249777317047119,13824,5120,3.3380656242370605,8.819090595043441,1.2278177738189697,8.887059211730957,4.606303337608566,2.6419763982498425,model.layers.7.mlp.gate_proj,5120,40392.7421875,5120,438.5068664550781,92.11427523139582,438.5068664550781,0.0057245297357439995,70778880
sthenno-com/miscii-14b-0130,False,0.028923258185386658,13824,5120,8.794069290161133,13.406376864663823,1.245066523551941,13.52390193939209,4.396771168994283,1.5244793305941964,model.layers.7.mlp.up_proj,5120,24932.806640625,5120,33.4564094543457,745.2325891290895,33.4564094543457,0.008758611045777798,70778880
sthenno-com/miscii-14b-0130,False,0.01774027943611145,5120,13824,4.80118465423584,9.046083237690219,1.243183970451355,9.22999095916748,4.414562871040985,1.8841356642488893,model.layers.7.mlp.down_proj,5120,25975.4375,5120,76.58358001708984,339.1776343467295,76.58358001708984,0.1486097276210785,70778880
sthenno-com/miscii-14b-0130,False,0.027207911014556885,5120,5120,4.4358062744140625,7.558163747190689,1.1917587518692017,8.022367477416992,4.026007969128486,1.7038985202727472,model.layers.8.self_attn.q_proj,5093,10617.150390625,5100,50.570648193359375,209.94689152549122,50.570648193359375,1.0112436939380132e-05,26219520
sthenno-com/miscii-14b-0130,False,0.06099903583526611,1024,5120,6.5502471923828125,8.293816249076889,1.0042133331298828,8.747858047485352,3.472230841951226,1.2661837035282648,model.layers.8.self_attn.k_proj,1024,2966.40771484375,1024,18.45796012878418,160.71156802521202,18.45796012878418,0.018817804753780365,5243904
sthenno-com/miscii-14b-0130,False,0.05206704139709473,1024,5120,9.881343841552734,7.909344026498638,1.0264980792999268,8.794529914855957,3.297471920408919,0.8004320215271226,model.layers.8.self_attn.v_proj,1024,1983.681396484375,1024,6.315853118896484,314.0797227455104,6.315853118896484,0.23675352334976196,5243904
sthenno-com/miscii-14b-0130,False,0.030639708042144775,5120,5120,4.373562335968018,6.7749524170606605,1.1984305381774902,7.530838966369629,3.973167917150229,1.5490695905586387,model.layers.8.self_attn.o_proj,5109,9400.8671875,5110,35.4054069519043,265.52066469029444,35.4054069519043,1.0692985597415827e-05,26214400
sthenno-com/miscii-14b-0130,False,0.018751442432403564,13824,5120,3.0907089710235596,8.008548829574925,1.2302303314208984,8.175312042236328,4.613577737313429,2.5911688562908304,model.layers.8.mlp.gate_proj,5120,41075.015625,5120,390.0936279296875,105.29527447806345,390.0936279296875,0.015693485736846924,70778880
sthenno-com/miscii-14b-0130,False,0.045204877853393555,13824,5120,9.512648582458496,14.262588821972345,1.2472172975540161,14.459330558776855,4.41443281882415,1.4993288880946185,model.layers.8.mlp.up_proj,5120,25967.66015625,5120,31.57394790649414,822.4394438463288,31.57394790649414,0.024404149502515793,70778880
sthenno-com/miscii-14b-0130,False,0.010258018970489502,5120,13824,4.798669338226318,8.834120089597233,1.2431234121322632,9.052660942077637,4.414501017811467,1.8409520362706415,model.layers.8.mlp.down_proj,5120,25971.73828125,5120,69.33492279052734,374.58379177424143,69.33492279052734,0.21704252064228058,70778880
sthenno-com/miscii-14b-0130,False,0.03205728530883789,5120,5120,4.167322158813477,7.333999140182137,1.1923449039459229,7.800826549530029,4.046790991910306,1.7598829321777896,model.layers.9.self_attn.q_proj,5095,11137.583984375,5101,57.52848434448242,193.60120662457902,57.52848434448242,1.0632029443513602e-05,26219520
sthenno-com/miscii-14b-0130,False,0.057631924748420715,1024,5120,6.147877216339111,8.065213799617606,1.001787543296814,8.478203773498535,3.4815655766574474,1.3118696935232899,model.layers.9.self_attn.k_proj,1024,3030.85791015625,1024,20.505468368530273,147.80729977412784,20.505468368530273,0.009504694491624832,5243904
sthenno-com/miscii-14b-0130,False,0.09927761554718018,1024,5120,6.4064106941223145,4.876041549091999,1.0300343036651611,6.335938930511475,3.3206369379933034,0.761119101147483,model.layers.9.self_attn.v_proj,1024,2092.362548828125,1024,5.769246578216553,362.67518131889886,5.769246578216553,0.3199232816696167,5243904
sthenno-com/miscii-14b-0130,False,0.03692719340324402,5120,5120,6.370415210723877,10.210992097166368,1.2007471323013306,10.348587989807129,4.012314135735815,1.6028770118433273,model.layers.9.self_attn.o_proj,5108,10287.6015625,5110,40.075321197509766,256.70665275015335,40.075321197509766,1.3772686543234158e-05,26214400
sthenno-com/miscii-14b-0130,False,0.026181340217590332,13824,5120,3.0781755447387695,7.809400718779098,1.2302430868148804,7.923731327056885,4.516174241289982,2.5370225334052043,model.layers.9.mlp.gate_proj,5120,32822.6953125,5120,344.3677978515625,95.31290532179204,344.3677978515625,0.06412563472986221,70778880
sthenno-com/miscii-14b-0130,False,0.017030715942382812,13824,5120,10.133682250976562,15.413735827100947,1.2464879751205444,15.56839656829834,4.476111903122222,1.521039977902954,model.layers.9.mlp.up_proj,5120,29930.357421875,5120,33.192501068115234,901.7204627169883,33.192501068115234,0.06709863245487213,70778880
sthenno-com/miscii-14b-0130,False,0.02551448345184326,5120,13824,4.8947649002075195,8.931751359173713,1.2437736988067627,9.244731903076172,4.480115177278755,1.8247559466635548,model.layers.9.mlp.down_proj,5120,30207.52734375,5120,66.79684448242188,452.22985573366947,66.79684448242188,0.1261889487504959,70778880
sthenno-com/miscii-14b-0130,False,0.014548718929290771,5120,5120,4.627341270446777,7.5167754931630535,1.2027993202209473,8.069184303283691,4.068888455207647,1.6244264370925243,model.layers.10.self_attn.q_proj,5104,11718.943359375,5106,42.11399459838867,278.26720003956547,42.11399459838867,1.428686755389208e-05,26219520
sthenno-com/miscii-14b-0130,False,0.04474282264709473,1024,5120,7.557948589324951,9.483225310830365,1.0118725299835205,9.668012619018555,3.50536032852072,1.2547353555996301,model.layers.10.self_attn.k_proj,1024,3201.55029296875,1024,17.977750778198242,178.08402911287962,17.977750778198242,0.032297659665346146,5243904
sthenno-com/miscii-14b-0130,False,0.03915965557098389,1024,5120,14.29643726348877,11.079080997754499,1.0333343744277954,11.206512451171875,3.2832040798795896,0.7749539828394185,model.layers.10.self_attn.v_proj,1024,1919.570556640625,1024,5.955990314483643,322.2924241452604,5.955990314483643,0.2845667600631714,5243904
sthenno-com/miscii-14b-0130,False,0.026110634207725525,5120,5120,6.156830310821533,9.88825512152659,1.2062273025512695,9.975578308105469,4.011066994575218,1.6060626365073811,model.layers.10.self_attn.o_proj,5109,10258.1015625,5111,40.370361328125,254.09982038861372,40.370361328125,1.0707455658121035e-05,26214400
sthenno-com/miscii-14b-0130,False,0.031208336353302002,13824,5120,2.937554121017456,7.230366924053951,1.2282121181488037,7.5066237449646,4.518824487149121,2.461356157601491,model.layers.10.mlp.gate_proj,5120,33023.60546875,5120,289.3051452636719,114.14800603927172,289.3051452636719,0.09266349673271179,70778880
sthenno-com/miscii-14b-0130,False,0.034392595291137695,13824,5120,9.257987976074219,14.944904545519952,1.2466554641723633,15.008204460144043,4.4819243973800384,1.6142713280836674,model.layers.10.mlp.up_proj,5120,30333.630859375,5120,41.14066696166992,737.3149999643016,41.14066696166992,0.09709729254245758,70778880
sthenno-com/miscii-14b-0130,False,0.01153254508972168,5120,13824,4.734521865844727,8.75436890911396,1.2430009841918945,9.193032264709473,4.480270039682868,1.8490502646674372,model.layers.10.mlp.down_proj,5120,30218.30078125,5120,70.63993072509766,427.77930939439244,70.63993072509766,0.09982036054134369,70778880
sthenno-com/miscii-14b-0130,False,0.033758461475372314,5120,5120,3.638942241668701,6.2348416865606735,1.192793846130371,7.110528469085693,4.0819164313961895,1.7133664874278347,model.layers.11.self_attn.q_proj,5097,12075.814453125,5102,51.68523406982422,233.64147750228173,51.68523406982422,1.174904355139006e-05,26219520
sthenno-com/miscii-14b-0130,False,0.04395654797554016,1024,5120,6.788376808166504,9.014887075912164,1.0035759210586548,9.407876014709473,3.523706021559444,1.32798860915722,model.layers.11.self_attn.k_proj,1024,3339.68896484375,1024,21.280832290649414,156.9341329902391,21.280832290649414,0.009017436765134335,5243904
sthenno-com/miscii-14b-0130,False,0.05390918254852295,1024,5120,10.953490257263184,8.97801868729135,1.0279183387756348,9.595614433288574,3.304037775548031,0.8196491233776455,model.layers.11.self_attn.v_proj,1024,2013.8994140625,1024,6.601598739624023,305.0623785984903,6.601598739624023,0.25435522198677063,5243904
sthenno-com/miscii-14b-0130,False,0.03033193200826645,5120,5120,5.86832332611084,8.859504272637167,1.201882243156433,9.276473045349121,4.0006390960141625,1.509716452264517,model.layers.11.self_attn.o_proj,5109,10014.7265625,5109,32.3382453918457,309.68676380399035,32.3382453918457,1.294324920309009e-05,26214400
sthenno-com/miscii-14b-0130,False,0.03510218858718872,13824,5120,3.3878533840179443,8.626162516872581,1.2243582010269165,8.87442684173584,4.558329653554044,2.546203019754674,model.layers.11.mlp.gate_proj,5120,36168.4296875,5120,351.7248229980469,102.83160960664082,351.7248229980469,0.1700553297996521,70778880
sthenno-com/miscii-14b-0130,False,0.021679461002349854,13824,5120,8.664539337158203,12.010237388093184,1.2466953992843628,13.064115524291992,4.464684009116801,1.386136864378563,model.layers.11.mlp.up_proj,5120,29153.05078125,5120,24.3297061920166,1198.249191797314,24.3297061920166,0.05338703468441963,70778880
sthenno-com/miscii-14b-0130,False,0.012295722961425781,5120,13824,5.7114434242248535,9.737173802868117,1.2447516918182373,10.22140121459961,4.464477991073294,1.7048534108852926,model.layers.11.mlp.down_proj,5120,29139.224609375,5120,50.68196105957031,574.9427212401171,50.68196105957031,0.24721087515354156,70778880
sthenno-com/miscii-14b-0130,False,0.04202267527580261,5120,5120,3.9548091888427734,6.898678676791192,1.1876237392425537,7.646021842956543,4.067168024728335,1.7443771234914704,model.layers.12.self_attn.q_proj,5099,11672.611328125,5105,55.5107536315918,210.27657822108878,55.5107536315918,1.1265579814789817e-05,26219520
sthenno-com/miscii-14b-0130,False,0.067696213722229,1024,5120,12.887646675109863,16.478824279673244,0.9979016184806824,16.628604888916016,3.4990305494155978,1.2786527048028935,model.layers.12.self_attn.k_proj,1024,3155.2265625,1024,18.995586395263672,166.1031408478508,18.995586395263672,0.028120309114456177,5243904
sthenno-com/miscii-14b-0130,False,0.04692506790161133,1024,5120,16.681657791137695,12.695151598101555,1.02744722366333,13.120802879333496,3.3068847141032847,0.761024579034704,model.layers.12.self_attn.v_proj,1024,2027.14453125,1024,5.767991065979004,351.44723839927303,5.767991065979004,0.2912336587905884,5243904
sthenno-com/miscii-14b-0130,False,0.03227853775024414,5120,5120,4.092107772827148,5.799163023868036,1.202467918395996,6.875214576721191,3.9881083070449685,1.417157940554806,model.layers.12.self_attn.o_proj,5109,9729.8984375,5109,26.131114959716797,372.3491497587997,26.131114959716797,1.2567543308250606e-05,26214400
sthenno-com/miscii-14b-0130,False,0.026930928230285645,13824,5120,3.6781370639801025,9.025998020043074,1.2344387769699097,9.079061508178711,4.517719732196294,2.4539591274165473,model.layers.12.mlp.gate_proj,5120,32939.70703125,5120,284.4193420410156,115.81387818026744,284.4193420410156,0.23291389644145966,70778880
sthenno-com/miscii-14b-0130,False,0.03234905004501343,13824,5120,11.776945114135742,16.952017605196897,1.247005820274353,17.295785903930664,4.486259802747919,1.4394240136900673,model.layers.12.mlp.up_proj,5120,30637.95703125,5120,27.505783081054688,1113.8732876997303,27.505783081054688,0.1279112547636032,70778880
sthenno-com/miscii-14b-0130,False,0.021940410137176514,5120,13824,5.115536212921143,8.484447464403162,1.2431318759918213,9.35936450958252,4.486255732939956,1.6585646374611938,model.layers.12.mlp.down_proj,5120,30637.669921875,5120,45.55799865722656,672.4981523527736,45.55799865722656,0.25889045000076294,70778880
sthenno-com/miscii-14b-0130,False,0.05462151765823364,5120,5120,4.468532562255859,7.818450074600124,1.1890788078308105,8.335516929626465,4.056411629871294,1.7496683677858482,model.layers.13.self_attn.q_proj,5102,11387.060546875,5106,56.19120788574219,202.6484387028869,56.19120788574219,1.1840262231999077e-05,26219520
sthenno-com/miscii-14b-0130,False,0.05413801968097687,1024,5120,8.333333969116211,10.447520280338443,1.00233793258667,10.732004165649414,3.4689790771926314,1.2537023379907155,model.layers.13.self_attn.k_proj,1024,2944.27978515625,1024,17.935039520263672,164.16355156785096,17.935039520263672,0.03066002018749714,5243904
sthenno-com/miscii-14b-0130,False,0.060437560081481934,1024,5120,10.646764755249023,8.772158548484176,1.030415654182434,9.382593154907227,3.341277505759053,0.8239271506547906,model.layers.13.self_attn.v_proj,1024,2194.20654296875,1024,6.666949272155762,329.11702990343167,6.666949272155762,0.3318679928779602,5243904
sthenno-com/miscii-14b-0130,False,0.029484808444976807,5120,5120,3.706754207611084,5.478194802274884,1.2006309032440186,6.631556034088135,4.00599713089637,1.4778953487195075,model.layers.13.self_attn.o_proj,5108,10139.046875,5110,30.05352020263672,337.3663652922249,30.05352020263672,1.0025108167610597e-05,26214400
sthenno-com/miscii-14b-0130,False,0.015359282493591309,13824,5120,3.836850881576538,9.49035450949246,1.2363965511322021,9.510578155517578,4.5197020990138945,2.473474941406358,model.layers.13.mlp.gate_proj,5120,33090.40625,5120,297.49176025390625,111.23133703520953,297.49176025390625,0.2215573638677597,70778880
sthenno-com/miscii-14b-0130,False,0.02177894115447998,13824,5120,9.705707550048828,14.362484012318513,1.2479621171951294,14.633368492126465,4.48585024984384,1.4797977312067534,model.layers.13.mlp.up_proj,5120,30609.078125,5120,30.185455322265625,1014.034004066253,30.185455322265625,0.12829196453094482,70778880
sthenno-com/miscii-14b-0130,False,0.009334176778793335,5120,13824,4.972830772399902,9.081833923142437,1.2429367303848267,9.5579252243042,4.48252075463361,1.8262905654357344,model.layers.13.mlp.down_proj,5120,30375.3125,5120,67.03329467773438,453.1376929334997,67.03329467773438,0.23794224858283997,70778880
sthenno-com/miscii-14b-0130,False,0.04184162616729736,5120,5120,3.7163565158843994,6.188020385856084,1.1937721967697144,7.136331081390381,4.082110958634301,1.6650771688365562,model.layers.14.self_attn.q_proj,5102,12081.224609375,5107,46.24631881713867,261.2364598606226,46.24631881713867,1.1792831173806917e-05,26219520
sthenno-com/miscii-14b-0130,False,0.047422170639038086,1024,5120,11.106720924377441,13.567632324685711,1.0063087940216064,13.748504638671875,3.4994697360490665,1.2215695718893027,model.layers.14.self_attn.k_proj,1024,3158.4189453125,1024,16.655956268310547,189.6269955584403,16.655956268310547,0.03297818824648857,5243904
sthenno-com/miscii-14b-0130,False,0.04518890380859375,1024,5120,8.42364501953125,7.142605126261322,1.030631184577942,7.646087169647217,3.2963791392764192,0.8479233288796382,model.layers.14.self_attn.v_proj,1024,1978.6962890625,1024,7.045686721801758,280.83796047016097,7.045686721801758,0.2664819657802582,5243904
sthenno-com/miscii-14b-0130,False,0.024512529373168945,5120,5120,4.463831901550293,6.397122589857158,1.2050707340240479,7.344161510467529,3.997746690576209,1.4331011406669305,model.layers.14.self_attn.o_proj,5110,9948.25,5110,27.10822868347168,366.9826647901051,27.10822868347168,1.654786137805786e-05,26214400
sthenno-com/miscii-14b-0130,False,0.02173614501953125,13824,5120,3.7362899780273438,9.254462210215488,1.2353458404541016,9.282462120056152,4.517482242769934,2.4769121948884663,model.layers.14.mlp.gate_proj,5120,32921.69921875,5120,299.8556213378906,109.79183605716823,299.8556213378906,0.26760607957839966,70778880
sthenno-com/miscii-14b-0130,False,0.01442950963973999,13824,5120,8.410249710083008,12.842990409151227,1.247945785522461,13.153790473937988,4.488911120345805,1.5270641005764463,model.layers.14.mlp.up_proj,5120,30825.5703125,5120,33.656124114990234,915.8978082913142,33.656124114990234,0.1464129239320755,70778880
sthenno-com/miscii-14b-0130,False,0.015600383281707764,5120,13824,5.846175670623779,11.052087749903112,1.243985652923584,11.123981475830078,4.48440233810207,1.8904816366429626,model.layers.14.mlp.down_proj,5120,30507.19921875,5120,77.71084594726562,392.5732482625669,77.71084594726562,0.24260222911834717,70778880
sthenno-com/miscii-14b-0130,False,0.048581480979919434,5120,5120,3.240802764892578,5.792791677914859,1.1850558519363403,6.67806339263916,4.059012050417672,1.7874557935668975,model.layers.15.self_attn.q_proj,5101,11455.447265625,5107,61.299339294433594,186.87717351409094,61.299339294433594,1.2016739674436394e-05,26219520
sthenno-com/miscii-14b-0130,False,0.06517404317855835,1024,5120,5.586090564727783,7.481533749995955,0.9943771362304688,8.041820526123047,3.4654332485754145,1.3393147968700252,model.layers.15.self_attn.k_proj,1024,2920.3388671875,1024,21.84312629699707,133.6960116184916,21.84312629699707,0.03601490706205368,5243904
sthenno-com/miscii-14b-0130,False,0.08668023347854614,1024,5120,16.655929565429688,12.247458557801576,1.0345511436462402,12.99893569946289,3.342920249686021,0.7353212265751807,model.layers.15.self_attn.v_proj,1024,2202.52197265625,1024,5.436522960662842,405.13430893110956,5.436522960662842,0.2907871603965759,5243904
sthenno-com/miscii-14b-0130,False,0.034364938735961914,5120,5120,4.66319465637207,7.194146921959069,1.2020617723464966,7.774867534637451,4.029261995804175,1.5427507217886676,model.layers.15.self_attn.o_proj,5107,10697.0,5110,34.89399719238281,306.5570258696273,34.89399719238281,1.0288117664458696e-05,26214400
sthenno-com/miscii-14b-0130,False,0.007511913776397705,13824,5120,3.584393262863159,9.243818620451437,1.232856273651123,9.261008262634277,4.527580766112372,2.5789074865818753,model.layers.15.mlp.gate_proj,5120,33696.1875,5120,379.23419189453125,88.85324219228428,379.23419189453125,0.2381773442029953,70778880
sthenno-com/miscii-14b-0130,False,0.02156805992126465,13824,5120,8.506732940673828,13.271432378662062,1.248016119003296,13.40700626373291,4.480535081100287,1.5601092065799373,model.layers.15.mlp.up_proj,5120,30236.748046875,5120,36.31693649291992,832.5798089486356,36.31693649291992,0.160254567861557,70778880
sthenno-com/miscii-14b-0130,False,0.011208593845367432,5120,13824,5.452682018280029,9.818502808095959,1.2455114126205444,10.135597229003906,4.477027119106078,1.8006740123813538,model.layers.15.mlp.down_proj,5120,29993.498046875,5120,63.19373321533203,474.627728427951,63.19373321533203,0.27186501026153564,70778880
sthenno-com/miscii-14b-0130,False,0.025203406810760498,5120,5120,4.234549522399902,7.491606048114344,1.1883435249328613,8.142216682434082,4.088189575918067,1.7691624595450537,model.layers.16.self_attn.q_proj,5103,12251.5087890625,5107,58.77091598510742,208.4621038094257,58.77091598510742,1.0132009265362285e-05,26219520
sthenno-com/miscii-14b-0130,False,0.04514282941818237,1024,5120,7.536744594573975,10.222128322943869,0.9960296750068665,10.66126823425293,3.5416571133833723,1.3563055235151815,model.layers.16.self_attn.k_proj,1024,3480.6240234375,1024,22.714622497558594,153.2327479275345,22.714622497558594,0.018249917775392532,5243904
sthenno-com/miscii-14b-0130,False,0.054704248905181885,1024,5120,13.056804656982422,10.003764378419799,1.029494285583496,10.367352485656738,3.287507782783587,0.7661724779707154,model.layers.16.self_attn.v_proj,1024,1938.6873779296875,1024,5.836768627166748,332.15080154218043,5.836768627166748,0.2093304991722107,5243904
sthenno-com/miscii-14b-0130,False,0.028025344014167786,5120,5120,4.766341686248779,6.827240096310162,1.2025223970413208,7.64357328414917,3.9809271383140463,1.4323857888760294,model.layers.16.self_attn.o_proj,5110,9570.3349609375,5110,27.063613891601562,353.6236882210098,27.063613891601562,1.0448802640894428e-05,26214400
sthenno-com/miscii-14b-0130,False,0.010864630341529846,13824,5120,3.8832786083221436,9.427962605034564,1.2358055114746094,9.448907852172852,4.505642997950554,2.4278357429286084,model.layers.16.mlp.gate_proj,5120,32036.34765625,5120,267.8155212402344,119.62095216846276,267.8155212402344,0.27121904492378235,70778880
sthenno-com/miscii-14b-0130,False,0.012778043746948242,13824,5120,6.74528694152832,10.66898758313464,1.2465908527374268,11.21638298034668,4.496265034029214,1.581695141454917,model.layers.16.mlp.up_proj,5120,31351.984375,5120,38.167625427246094,821.4287376814193,38.167625427246094,0.2093072384595871,70778880
sthenno-com/miscii-14b-0130,False,0.011554241180419922,5120,13824,5.185348033905029,9.96238985734836,1.2441825866699219,10.066222190856934,4.490209390094356,1.9212577038625105,model.layers.16.mlp.down_proj,5120,30917.857421875,5120,83.4176025390625,370.6394871202022,83.4176025390625,0.35321909189224243,70778880
sthenno-com/miscii-14b-0130,False,0.030213773250579834,5120,5120,6.267528533935547,10.801209144077289,1.1860555410385132,11.161438941955566,4.092683884150052,1.723360186649988,model.layers.17.self_attn.q_proj,5103,12378.9521484375,5107,52.888370513916016,234.0581119847575,52.888370513916016,1.141152188210981e-05,26219520
sthenno-com/miscii-14b-0130,False,0.06410890817642212,1024,5120,12.45003604888916,16.16266081753476,0.9893203377723694,16.419748306274414,3.5377887912562516,1.2982019292206672,model.layers.17.self_attn.k_proj,1024,3449.75927734375,1024,19.87018585205078,173.61484703917372,19.87018585205078,0.028824495151638985,5243904
sthenno-com/miscii-14b-0130,False,0.037108033895492554,1024,5120,7.935911655426025,6.362356355512304,1.0251232385635376,7.086678504943848,3.242740884285293,0.8017171349383869,model.layers.17.self_attn.v_proj,1024,1748.802978515625,1024,6.334569931030273,276.0728822250439,6.334569931030273,0.17199042439460754,5243904
sthenno-com/miscii-14b-0130,False,0.03995716571807861,5120,5120,4.368480682373047,6.784303554367217,1.1990447044372559,7.376210689544678,3.9781195934159133,1.5530121448727219,model.layers.17.self_attn.o_proj,5108,9508.666015625,5110,35.7282829284668,266.13834296662753,35.7282829284668,1.1003572581103072e-05,26214400
sthenno-com/miscii-14b-0130,False,0.009161889553070068,13824,5120,3.9907290935516357,9.495006063979327,1.236372470855713,9.518117904663086,4.498937899421029,2.379266004129847,model.layers.17.mlp.gate_proj,5120,31545.53515625,5120,239.47821044921875,131.72611861879275,239.47821044921875,0.2642206847667694,70778880
sthenno-com/miscii-14b-0130,False,0.011167466640472412,13824,5120,6.619479656219482,10.987639741222598,1.2458316087722778,11.300874710083008,4.503567000819148,1.659894782046639,model.layers.17.mlp.up_proj,5120,31883.57421875,5120,45.69774627685547,697.7056160622536,45.69774627685547,0.21664099395275116,70778880
sthenno-com/miscii-14b-0130,False,0.016693323850631714,5120,13824,5.438319206237793,11.053603595506,1.2416280508041382,11.086212158203125,4.495578861631562,2.0325404185225895,model.layers.17.mlp.down_proj,5120,31302.48828125,5120,107.78055572509766,290.42797256575045,107.78055572509766,0.34965044260025024,70778880
sthenno-com/miscii-14b-0130,False,0.044245123863220215,5120,5120,3.019052743911743,5.188336348146397,1.1815056800842285,6.380347728729248,4.07174526237832,1.7185312044015315,model.layers.18.self_attn.q_proj,5104,11796.28515625,5108,52.30355453491211,225.53505705575125,52.30355453491211,1.1420266673667356e-05,26219520
sthenno-com/miscii-14b-0130,False,0.08014914393424988,1024,5120,3.2003183364868164,4.255794749509346,0.9846285581588745,5.616271018981934,3.5118022494323897,1.3298035701602078,model.layers.18.self_attn.k_proj,1024,3249.39306640625,1024,21.369953155517578,152.05429056203985,21.369953155517578,0.02857234887778759,5243904
sthenno-com/miscii-14b-0130,False,0.0398334264755249,1024,5120,13.235822677612305,10.157960419256769,1.0255714654922485,10.787571907043457,3.289808683807174,0.7674596937928477,model.layers.18.self_attn.v_proj,1024,1948.98583984375,1024,5.8540940284729,332.92697902772886,5.8540940284729,0.2017737627029419,5243904
sthenno-com/miscii-14b-0130,False,0.045921504497528076,5120,5120,4.645895957946777,7.111144793822317,1.1995246410369873,7.643614768981934,3.9956225994636747,1.5306293679820242,model.layers.18.self_attn.o_proj,5108,9899.712890625,5109,33.933555603027344,291.7381545994493,33.933555603027344,1.03375205071643e-05,26214400
sthenno-com/miscii-14b-0130,False,0.01071956753730774,13824,5120,3.7769041061401367,8.927223011496,1.2351876497268677,8.966838836669922,4.490914993475727,2.3636350726996107,model.layers.18.mlp.gate_proj,5120,30968.130859375,5120,231.0122833251953,134.05404428552075,231.0122833251953,0.2338085025548935,70778880
sthenno-com/miscii-14b-0130,False,0.020965158939361572,13824,5120,5.81702995300293,9.739499848176232,1.244813323020935,10.27441692352295,4.509943920924704,1.6743080105936885,model.layers.18.mlp.up_proj,5120,32355.1875,5120,47.23979568481445,684.9137899722286,47.23979568481445,0.23305781185626984,70778880
sthenno-com/miscii-14b-0130,False,0.011537015438079834,5120,13824,5.339440822601318,10.62355643924576,1.2429183721542358,10.668805122375488,4.498654126605474,1.9896383895252308,model.layers.18.mlp.down_proj,5120,31524.9296875,5120,97.64238739013672,322.8611111436678,97.64238739013672,0.35438424348831177,70778880
sthenno-com/miscii-14b-0130,False,0.05675792694091797,5120,5120,6.875323295593262,11.267632227224913,1.1828192472457886,11.854392051696777,4.05832165127716,1.6388512572851524,model.layers.19.self_attn.q_proj,5104,11437.2509765625,5108,43.53627395629883,262.7062432591974,43.53627395629883,1.0809850209625438e-05,26219520
sthenno-com/miscii-14b-0130,False,0.05804219841957092,1024,5120,4.536832809448242,5.483076515069303,0.9931128621101379,6.758932590484619,3.4812310440127963,1.208569225573058,model.layers.19.self_attn.k_proj,1024,3028.524169921875,1024,16.164758682250977,187.35350334967987,16.164758682250977,0.029723146930336952,5243904
sthenno-com/miscii-14b-0130,False,0.08153340220451355,1024,5120,8.50655746459961,6.724843936514237,1.0260484218597412,7.61637020111084,3.2673464976788447,0.7905482287635102,model.layers.19.self_attn.v_proj,1024,1850.74462890625,1024,6.173738479614258,299.7769722539149,6.173738479614258,0.20348389446735382,5243904
sthenno-com/miscii-14b-0130,False,0.04674255847930908,5120,5120,3.91898512840271,5.950015874225394,1.1978009939193726,6.803345203399658,3.977373054989898,1.51825426207996,model.layers.19.self_attn.o_proj,5108,9492.3349609375,5110,32.98027420043945,287.81855794306944,32.98027420043945,1.065970900526736e-05,26214400
sthenno-com/miscii-14b-0130,False,0.007659614086151123,13824,5120,3.8913071155548096,9.246124357093612,1.2355411052703857,9.273613929748535,4.487996892529908,2.376097306772285,model.layers.19.mlp.gate_proj,5120,30760.748046875,5120,237.73728942871094,129.38966419947792,237.73728942871094,0.2490088939666748,70778880
sthenno-com/miscii-14b-0130,False,0.011249363422393799,13824,5120,5.911634922027588,9.70190034176434,1.2458029985427856,10.330544471740723,4.508094759619725,1.6411534997896584,model.layers.19.mlp.up_proj,5120,32217.716796875,5120,43.767677307128906,736.1075290972171,43.767677307128906,0.1802779585123062,70778880
sthenno-com/miscii-14b-0130,False,0.008897960186004639,5120,13824,4.782654285430908,9.73233099272602,1.2428920269012451,9.808677673339844,4.4961343923070025,2.0349225371302695,model.layers.19.mlp.down_proj,5120,31342.5546875,5120,108.37335968017578,289.2090342127997,108.37335968017578,0.42266371846199036,70778880
sthenno-com/miscii-14b-0130,False,0.05897796154022217,5120,5120,3.8728504180908203,6.660168193172169,1.1772602796554565,7.618616580963135,4.076516710819336,1.7197070566064874,model.layers.20.self_attn.q_proj,5102,11926.6015625,5107,52.44535827636719,227.41005027845026,52.44535827636719,1.0269079211866483e-05,26219520
sthenno-com/miscii-14b-0130,False,0.058024436235427856,1024,5120,5.6850481033325195,7.281656953587324,0.994744062423706,7.88681697845459,3.4924546385560182,1.2808435076070663,model.layers.20.self_attn.k_proj,1024,3107.811279296875,1024,19.091651916503906,162.78378072723538,19.091651916503906,0.028745105490088463,5243904
sthenno-com/miscii-14b-0130,False,0.07545161247253418,1024,5120,7.9930219650268555,6.870267892645339,1.0189177989959717,7.6179938316345215,3.253389064246066,0.8595332181878041,model.layers.20.self_attn.v_proj,1024,1792.210693359375,1024,7.23657751083374,247.6599871522541,7.23657751083374,0.14347706735134125,5243904
sthenno-com/miscii-14b-0130,False,0.032608866691589355,5120,5120,3.70229172706604,5.563083552080487,1.1930409669876099,6.662689685821533,3.971396904211555,1.50260540286734,model.layers.20.self_attn.o_proj,5107,9362.609375,5107,31.81305694580078,294.3008397762867,31.81305694580078,1.2964108464075252e-05,26214400
sthenno-com/miscii-14b-0130,False,0.008833527565002441,13824,5120,3.8334860801696777,8.92522676766279,1.2350480556488037,8.971142768859863,4.4724309720913284,2.328227253473617,model.layers.20.mlp.gate_proj,5120,29677.75,5120,212.92529296875,139.3810457471375,212.92529296875,0.22423040866851807,70778880
sthenno-com/miscii-14b-0130,False,0.00950467586517334,13824,5120,5.359809398651123,9.07940465326493,1.2447775602340698,9.780089378356934,4.5160051445657565,1.6939790164086619,model.layers.20.mlp.up_proj,5120,32809.91796875,5120,49.428680419921875,663.7830039162081,49.428680419921875,0.15713809430599213,70778880
sthenno-com/miscii-14b-0130,False,0.009231388568878174,5120,13824,5.09890604019165,10.844812101740521,1.2428910732269287,10.860167503356934,4.502700655139505,2.126889967427778,model.layers.20.mlp.down_proj,5120,31820.03515625,5120,133.93373107910156,237.58044295396368,133.93373107910156,0.39963221549987793,70778880
sthenno-com/miscii-14b-0130,False,0.03074038028717041,5120,5120,4.070157051086426,7.129915735939681,1.1831436157226562,7.931950569152832,4.089856007788429,1.7517544523341009,model.layers.21.self_attn.q_proj,5104,12298.609375,5109,56.46176528930664,217.8219067714705,56.46176528930664,1.2540568604890723e-05,26219520
sthenno-com/miscii-14b-0130,False,0.03639599680900574,1024,5120,7.615948677062988,10.797554679157496,0.9886962175369263,11.007342338562012,3.5364738577729424,1.417755704115572,model.layers.21.self_attn.k_proj,1024,3439.330078125,1024,26.16710662841797,131.43715608166715,26.16710662841797,0.02909189835190773,5243904
sthenno-com/miscii-14b-0130,False,0.06089144945144653,1024,5120,7.587297439575195,6.695920409448429,1.022160291671753,7.241757392883301,3.241170231115525,0.882517189127533,model.layers.21.self_attn.v_proj,1024,1742.48974609375,1024,7.629870891571045,228.37735668879174,7.629870891571045,0.15776276588439941,5243904
sthenno-com/miscii-14b-0130,False,0.04309743642807007,5120,5120,3.8792974948883057,6.3587715358627825,1.193500280380249,6.963766098022461,3.9751912750392435,1.6391554254969216,model.layers.21.self_attn.o_proj,5104,9444.767578125,5109,43.566776275634766,216.78830488559922,43.566776275634766,1.171796702692518e-05,26214400
sthenno-com/miscii-14b-0130,False,0.009812533855438232,13824,5120,3.860067844390869,8.836698301861398,1.2351701259613037,8.893284797668457,4.464227518009573,2.2892598415600793,model.layers.21.mlp.gate_proj,5120,29122.423828125,5120,194.65243530273438,149.61242988217523,194.65243530273438,0.20381097495555878,70778880
sthenno-com/miscii-14b-0130,False,0.01723766326904297,13824,5120,5.241675853729248,8.598755128322997,1.2440356016159058,9.582313537597656,4.513002652920729,1.6404591524302896,model.layers.21.mlp.up_proj,5120,32583.869140625,5120,43.697757720947266,745.6645567194713,43.697757720947266,0.13916617631912231,70778880
sthenno-com/miscii-14b-0130,False,0.01246112585067749,5120,13824,4.779976844787598,10.671799050080336,1.2417677640914917,10.681350708007812,4.500597975458823,2.2326047586857185,model.layers.21.mlp.down_proj,5120,31666.34765625,5120,170.84597778320312,185.3502673409927,170.84597778320312,0.3908880352973938,70778880
sthenno-com/miscii-14b-0130,False,0.06368863582611084,5120,5120,3.542299747467041,6.122826665337456,1.1821092367172241,7.097710609436035,4.068122493512025,1.7284891459893106,model.layers.22.self_attn.q_proj,5105,11698.29296875,5109,53.51667785644531,218.59153888680908,53.51667785644531,1.0871201993722934e-05,26219520
sthenno-com/miscii-14b-0130,False,0.08128213882446289,1024,5120,10.686028480529785,14.581623458047064,0.9822331070899963,14.786491394042969,3.4834719904398774,1.3645503083409474,model.layers.22.self_attn.k_proj,1024,3044.191650390625,1024,23.14996337890625,131.49876743063996,23.14996337890625,0.0501975417137146,5243904
sthenno-com/miscii-14b-0130,False,0.05573838949203491,1024,5120,11.905251502990723,8.942124306578787,1.0305536985397339,9.514573097229004,3.292625608829428,0.7511075515147607,model.layers.22.self_attn.v_proj,1024,1961.66845703125,1024,5.637772560119629,347.9509746291761,5.637772560119629,0.23339055478572845,5243904
sthenno-com/miscii-14b-0130,False,0.03278231620788574,5120,5120,4.978201866149902,8.712406046116396,1.198949933052063,8.787960052490234,4.007967862440626,1.750111040164487,model.layers.22.self_attn.o_proj,5108,10185.16015625,5112,56.248512268066406,181.07430304485322,56.248512268066406,1.0027712050941773e-05,26214400
sthenno-com/miscii-14b-0130,False,0.010696172714233398,13824,5120,3.780653476715088,8.539887322233325,1.2349282503128052,8.617890357971191,4.461840293425675,2.258838948036415,model.layers.22.mlp.gate_proj,5120,28962.783203125,5120,181.4842529296875,159.58840910757178,181.4842529296875,0.19717258214950562,70778880
sthenno-com/miscii-14b-0130,False,0.011030077934265137,13824,5120,5.071653366088867,11.428704693759052,1.2423632144927979,11.432357788085938,4.515132456974974,2.253447518747241,model.layers.22.mlp.up_proj,5120,32744.0546875,5120,179.2451934814453,182.67744898213698,179.2451934814453,0.1404554843902588,70778880
sthenno-com/miscii-14b-0130,False,0.015062958002090454,5120,13824,4.733842849731445,10.470732859888354,1.2423021793365479,10.489849090576172,4.500800862773123,2.211888563322791,model.layers.22.mlp.down_proj,5120,31681.14453125,5120,162.88780212402344,194.49672792028863,162.88780212402344,0.43146824836730957,70778880
sthenno-com/miscii-14b-0130,False,0.05469730496406555,5120,5120,2.972095489501953,5.007376566393411,1.1858844757080078,6.1879472732543945,4.048864082676487,1.6847966641988743,model.layers.23.self_attn.q_proj,5104,11190.8759765625,5108,48.39457321166992,231.24237355323797,48.39457321166992,1.1874451956828125e-05,26219520
sthenno-com/miscii-14b-0130,False,0.0748242437839508,1024,5120,4.560977458953857,6.380277477488848,0.9818577766418457,7.123195648193359,3.4578508627687388,1.3988837995599916,model.layers.23.self_attn.k_proj,1024,2869.794921875,1024,25.05438804626465,114.54260693079897,25.05438804626465,0.047175902873277664,5243904
sthenno-com/miscii-14b-0130,False,0.03314864635467529,1024,5120,10.17650032043457,8.95510947612317,1.0275065898895264,9.409773826599121,3.3302248620502652,0.8799792850338904,model.layers.23.self_attn.v_proj,1024,2139.0693359375,1024,7.585413932800293,281.99770703189876,7.585413932800293,0.21842196583747864,5243904
sthenno-com/miscii-14b-0130,False,0.04803609848022461,5120,5120,6.084327697753906,11.38763240450278,1.1985716819763184,11.390463829040527,4.03516913179058,1.8716336414139305,model.layers.23.self_attn.o_proj,5101,10843.4912109375,5109,74.410400390625,145.72547861607362,74.410400390625,1.0436411685077474e-05,26214400
sthenno-com/miscii-14b-0130,False,0.013029336929321289,13824,5120,3.7361841201782227,8.7000438569963,1.2332148551940918,8.757774353027344,4.477947888980271,2.3285907699273913,model.layers.23.mlp.gate_proj,5120,30057.15625,5120,213.1035919189453,141.04481289753363,213.1035919189453,0.208804652094841,70778880
sthenno-com/miscii-14b-0130,False,0.02871781587600708,13824,5120,5.152917861938477,8.569542788237989,1.2425202131271362,9.496503829956055,4.511911808423681,1.6630466500419263,model.layers.23.mlp.up_proj,5120,32502.12890625,5120,46.030601501464844,706.0982877926476,46.030601501464844,0.15501199662685394,70778880
sthenno-com/miscii-14b-0130,False,0.01465219259262085,5120,13824,5.8096160888671875,12.668240430944461,1.2433362007141113,12.6697359085083,4.498459601514757,2.18056412629748,model.layers.23.mlp.down_proj,5120,31510.8125,5120,151.5528564453125,207.91962117434986,151.5528564453125,0.42146167159080505,70778880
sthenno-com/miscii-14b-0130,False,0.04491943120956421,5120,5120,3.556936264038086,6.100732390294217,1.1834499835968018,7.117519855499268,4.079566843393317,1.715164944611134,model.layers.24.self_attn.q_proj,5105,12010.6591796875,5109,51.89971160888672,231.42053794439448,51.89971160888672,1.1050939974666107e-05,26219520
sthenno-com/miscii-14b-0130,False,0.0724397599697113,1024,5120,8.560101509094238,12.04180921607999,0.9834556579589844,12.336978912353516,3.515837022959681,1.406736731251001,model.layers.24.self_attn.k_proj,1024,3279.721923828125,1024,25.51154327392578,128.55835057145225,25.51154327392578,0.04271994158625603,5243904
sthenno-com/miscii-14b-0130,False,0.07382762432098389,1024,5120,12.095852851867676,8.68451539687159,1.026528000831604,9.589677810668945,3.2646727581284667,0.7179746234702785,model.layers.24.self_attn.v_proj,1024,1839.385498046875,1024,5.22365665435791,352.12603349654336,5.22365665435791,0.16418758034706116,5243904
sthenno-com/miscii-14b-0130,False,0.042099595069885254,5120,5120,4.971451759338379,8.86760930700068,1.19705069065094,8.915470123291016,3.9929293641428267,1.7837061961516083,model.layers.24.self_attn.o_proj,5103,9838.5107421875,5109,60.77237319946289,161.89117232424377,60.77237319946289,1.0336975719837938e-05,26214400
sthenno-com/miscii-14b-0130,False,0.013329774141311646,13824,5120,3.8985989093780518,9.030080042245721,1.2328357696533203,9.077592849731445,4.481431038651166,2.316237256549764,model.layers.24.mlp.gate_proj,5120,30299.19140625,5120,207.12725830078125,146.28297431645055,207.12725830078125,0.20076081156730652,70778880
sthenno-com/miscii-14b-0130,False,0.020469248294830322,13824,5120,5.459711074829102,9.067739944212528,1.2416869401931763,9.937270164489746,4.512534627332407,1.6608461180331533,model.layers.24.mlp.up_proj,5120,32548.7734375,5120,45.79795837402344,710.7035901399839,45.79795837402344,0.16768565773963928,70778880
sthenno-com/miscii-14b-0130,False,0.032775163650512695,5120,13824,5.206629753112793,11.5421167428333,1.239746332168579,11.546012878417969,4.499044824253475,2.216811505740892,model.layers.24.mlp.down_proj,5120,31553.302734375,5120,164.74472045898438,191.52846079963248,164.74472045898438,0.355414479970932,70778880
sthenno-com/miscii-14b-0130,False,0.0447688102722168,5120,5120,2.717735767364502,4.695456422227884,1.1726142168045044,6.049546718597412,4.056476581004017,1.727708954863282,model.layers.25.self_attn.q_proj,5102,11388.763671875,5107,53.420623779296875,213.19039101689987,53.420623779296875,1.0847329576790798e-05,26219520
sthenno-com/miscii-14b-0130,False,0.08975440263748169,1024,5120,4.082741737365723,5.45813850117142,0.9728617072105408,6.546536922454834,3.4730362469722365,1.3368806680123573,model.layers.25.self_attn.k_proj,1024,2971.9140625,1024,21.72104263305664,136.82188800537264,21.72104263305664,0.05537281557917595,5243904
sthenno-com/miscii-14b-0130,False,0.05751305818557739,1024,5120,11.969095230102539,8.666604073237156,1.025057315826416,9.335051536560059,3.227778654599118,0.7240818045661844,model.layers.25.self_attn.v_proj,1024,1689.57958984375,1024,5.297632217407227,318.9310847763354,5.297632217407227,0.17274902760982513,5243904
sthenno-com/miscii-14b-0130,False,0.043732404708862305,5120,5120,4.987374782562256,8.936462762288967,1.1935087442398071,8.988913536071777,3.9839466119407727,1.7918169682242877,model.layers.25.self_attn.o_proj,5103,9637.10546875,5109,61.918006896972656,155.64301810918246,61.918006896972656,1.011398489936255e-05,26214400
sthenno-com/miscii-14b-0130,False,0.011872634291648865,13824,5120,3.947829484939575,8.740079066077584,1.2342844009399414,8.823956489562988,4.468339655869687,2.2138947741840878,model.layers.25.mlp.gate_proj,5120,29399.48046875,5120,163.64199829101562,179.65730543369995,163.64199829101562,0.1556296944618225,70778880
sthenno-com/miscii-14b-0130,False,0.019273221492767334,13824,5120,5.386079788208008,8.926991882012416,1.2419637441635132,9.845791816711426,4.517301797944151,1.657419168122368,model.layers.25.mlp.up_proj,5120,32908.0234375,5120,45.43799591064453,724.2402042161988,45.43799591064453,0.14756527543067932,70778880
sthenno-com/miscii-14b-0130,False,0.020944952964782715,5120,13824,4.1845550537109375,9.426500501764533,1.2369433641433716,9.463881492614746,4.500145207976046,2.2526888476243,model.layers.25.mlp.down_proj,5120,31633.3515625,5120,178.93234252929688,176.78945636851884,178.93234252929688,0.3750063180923462,70778880
sthenno-com/miscii-14b-0130,False,0.041747331619262695,5120,5120,4.827524662017822,7.858918354824701,1.1911107301712036,8.572372436523438,4.072103964367063,1.6279395559917882,model.layers.26.self_attn.q_proj,5106,11806.0322265625,5110,42.45604705810547,278.0765767101381,42.45604705810547,1.0362546163378283e-05,26219520
sthenno-com/miscii-14b-0130,False,0.0631568431854248,1024,5120,11.726022720336914,15.779076913706815,0.9911530613899231,15.882795333862305,3.5209572539688745,1.3456461146319054,model.layers.26.self_attn.k_proj,1024,3318.617919921875,1024,22.163896560668945,149.7307980497863,22.163896560668945,0.03798086196184158,5243904
sthenno-com/miscii-14b-0130,False,0.07562276721000671,1024,5120,6.385847091674805,5.638188666132746,1.0130939483642578,6.517489910125732,3.2041020236352247,0.8829194600483345,model.layers.26.self_attn.v_proj,1024,1599.933837890625,1024,7.636941432952881,209.4992939171983,7.636941432952881,0.11626898497343063,5243904
sthenno-com/miscii-14b-0130,False,0.028348296880722046,5120,5120,3.8322856426239014,6.662812517163362,1.1935218572616577,7.023435115814209,3.965486633507649,1.738600182370917,model.layers.26.self_attn.o_proj,5103,9236.0576171875,5107,54.777244567871094,168.61121237567312,54.777244567871094,1.1036303476430476e-05,26214400
sthenno-com/miscii-14b-0130,False,0.008808895945549011,13824,5120,3.9741554260253906,8.63035526885089,1.2357866764068604,8.729430198669434,4.45011258778106,2.171619965423001,model.layers.26.mlp.gate_proj,5120,28191.13671875,5120,148.46359252929688,189.88585846854633,148.46359252929688,0.17408478260040283,70778880
sthenno-com/miscii-14b-0130,False,0.013187646865844727,13824,5120,5.240373134613037,8.893313121803626,1.2428438663482666,9.7131929397583,4.522535466112498,1.6970763137194678,model.layers.26.mlp.up_proj,5120,33306.99609375,5120,49.78245544433594,669.0508894442157,49.78245544433594,0.11910191923379898,70778880
sthenno-com/miscii-14b-0130,False,0.023113489151000977,5120,13824,4.304150581359863,9.265370725780503,1.238284945487976,9.349652290344238,4.504534388920455,2.152659520302652,model.layers.26.mlp.down_proj,5120,31954.673828125,5120,142.1214141845703,224.840668884888,142.1214141845703,0.39691463112831116,70778880
sthenno-com/miscii-14b-0130,False,0.047028183937072754,5120,5120,3.314969301223755,5.470692631562432,1.1890040636062622,6.620581150054932,4.072075475982598,1.6502996361211761,model.layers.27.self_attn.q_proj,5106,11805.2578125,5109,44.699188232421875,264.10452357918297,44.699188232421875,1.1478708984213881e-05,26219520
sthenno-com/miscii-14b-0130,False,0.05444145202636719,1024,5120,9.010771751403809,12.59894460879401,0.9943093061447144,12.697304725646973,3.5266561440775317,1.3982092717897545,model.layers.27.self_attn.k_proj,1024,3362.452392578125,1024,25.015504837036133,134.41473256217972,25.015504837036133,0.03631016984581947,5243904
sthenno-com/miscii-14b-0130,False,0.05166731774806976,1024,5120,6.426560401916504,5.437644499236069,1.0263289213180542,6.326539039611816,3.2602737570397187,0.846120499795579,model.layers.27.self_attn.v_proj,1024,1820.8482666015625,1024,7.0164995193481445,259.5094978030762,7.0164995193481445,0.22755558788776398,5243904
sthenno-com/miscii-14b-0130,False,0.018591880798339844,5120,5120,3.8667521476745605,6.7405356762493325,1.1955162286758423,7.121419906616211,3.9873126912831163,1.7432034479642162,model.layers.27.self_attn.o_proj,5104,9712.08984375,5109,55.360939025878906,175.43217320085571,55.360939025878906,1.0860361726372503e-05,26214400
sthenno-com/miscii-14b-0130,False,0.011777639389038086,13824,5120,4.198175430297852,9.046550964716825,1.237320065498352,9.1108980178833,4.438190584317781,2.1548768304032,model.layers.27.mlp.gate_proj,5120,27427.775390625,5120,142.848876953125,192.00553742977803,142.848876953125,0.1522933393716812,70778880
sthenno-com/miscii-14b-0130,False,0.01906442642211914,13824,5120,5.336470603942871,8.880945985670479,1.2430049180984497,9.78968334197998,4.520112455325057,1.6641984271605954,model.layers.27.mlp.up_proj,5120,33121.6875,5120,46.15283966064453,717.6522125949173,46.15283966064453,0.1061655655503273,70778880
sthenno-com/miscii-14b-0130,False,0.007676541805267334,5120,13824,4.149419784545898,8.766483064660804,1.238707423210144,8.988567352294922,4.504757891964348,2.1127009364804925,model.layers.27.mlp.down_proj,5120,31971.123046875,5120,129.62863159179688,246.63627667962044,129.62863159179688,0.502187192440033,70778880
sthenno-com/miscii-14b-0130,False,0.04980951547622681,5120,5120,2.915635347366333,4.892551032596236,1.1813254356384277,6.137300968170166,4.029013172370445,1.6780394149822724,model.layers.28.self_attn.q_proj,5105,10690.873046875,5108,47.647422790527344,224.37463394138547,47.647422790527344,1.1254329365328886e-05,26219520
sthenno-com/miscii-14b-0130,False,0.07811307907104492,1024,5120,4.5152692794799805,6.006608646961188,0.9840788245201111,6.742135524749756,3.397882537191494,1.3302880238524697,model.layers.28.self_attn.k_proj,1024,2499.669189453125,1024,21.3938045501709,116.84079769875046,21.3938045501709,0.025786064565181732,5243904
sthenno-com/miscii-14b-0130,False,0.08390593528747559,1024,5120,11.354310989379883,9.619109558817025,1.0289719104766846,10.451264381408691,3.3798213220631395,0.8471768624105983,model.layers.28.self_attn.v_proj,1024,2397.84619140625,1024,7.0335869789123535,340.91370428706114,7.0335869789123535,0.3312392234802246,5243904
sthenno-com/miscii-14b-0130,False,0.05354726314544678,5120,5120,3.3830654621124268,5.821789532236606,1.1885056495666504,6.6399712562561035,4.063050938780242,1.7208622172511585,model.layers.28.self_attn.o_proj,5105,11562.478515625,5109,52.58504104614258,219.8815154575823,52.58504104614258,1.2170242371212225e-05,26214400
sthenno-com/miscii-14b-0130,False,0.014082133769989014,13824,5120,4.005556106567383,8.794135151947831,1.2364979982376099,8.862567901611328,4.4485191555054024,2.1954842019387137,model.layers.28.mlp.gate_proj,5120,28087.892578125,5120,156.84988403320312,179.0749974171428,156.84988403320312,0.1535765528678894,70778880
sthenno-com/miscii-14b-0130,False,0.015072941780090332,13824,5120,5.3519415855407715,9.015366320938993,1.2431498765945435,9.877828598022461,4.531630873565186,1.6845038715100364,model.layers.28.mlp.up_proj,5120,34011.8984375,5120,48.36195755004883,703.2779515242278,48.36195755004883,0.1192963495850563,70778880
sthenno-com/miscii-14b-0130,False,0.011346757411956787,5120,13824,4.507911682128906,9.125085619118611,1.241866111755371,9.307352066040039,4.511305762104722,2.0242378872003983,model.layers.28.mlp.down_proj,5120,32456.8046875,5120,105.73965454101562,306.95016763942846,105.73965454101562,0.5929293632507324,70778880
sthenno-com/miscii-14b-0130,False,0.053977906703948975,5120,5120,2.8368897438049316,4.591905346931659,1.1815011501312256,6.016900062561035,4.039315999866469,1.6186407515340522,model.layers.29.self_attn.q_proj,5105,10947.5263671875,5109,41.556671142578125,263.43607575369253,41.556671142578125,1.0348931937187444e-05,26219520
sthenno-com/miscii-14b-0130,False,0.06573832035064697,1024,5120,9.122892379760742,11.351406091435432,0.9887688159942627,11.661001205444336,3.402482160435982,1.244277101922048,model.layers.29.self_attn.k_proj,1024,2526.283935546875,1024,17.549999237060547,143.94780885301068,17.549999237060547,0.04533514007925987,5243904
sthenno-com/miscii-14b-0130,False,0.07420647144317627,1024,5120,4.3868842124938965,3.5125638932517833,1.029969573020935,5.188233852386475,3.34194490238259,0.8006967412652382,model.layers.29.self_attn.v_proj,1024,2197.5810546875,1024,6.319704055786133,347.73480455551714,6.319704055786133,0.22383275628089905,5243904
sthenno-com/miscii-14b-0130,False,0.03596332669258118,5120,5120,4.636928558349609,8.20362148812654,1.1984578371047974,8.366415977478027,4.065998814455054,1.769192987317967,model.layers.29.self_attn.o_proj,5104,11641.228515625,5110,58.775047302246094,198.06412840062708,58.775047302246094,1.0667263268260285e-05,26214400
sthenno-com/miscii-14b-0130,False,0.014665067195892334,13824,5120,4.0323967933654785,8.87625433343053,1.236514925956726,8.936972618103027,4.450509755969739,2.2012353417289376,model.layers.29.mlp.gate_proj,5120,28216.9296875,5120,158.94078063964844,177.53108782996105,158.94078063964844,0.1409270167350769,70778880
sthenno-com/miscii-14b-0130,False,0.020323097705841064,13824,5120,5.305488586425781,9.11259931891241,1.2427456378936768,9.835862159729004,4.531882288226662,1.717579666880674,model.layers.29.mlp.up_proj,5120,34031.59375,5120,52.189083099365234,652.082614389022,52.189083099365234,0.1084928959608078,70778880
sthenno-com/miscii-14b-0130,False,0.014189660549163818,5120,13824,4.384549617767334,8.827856047124158,1.2415226697921753,9.104461669921875,4.513341434604801,2.013400877333305,model.layers.29.mlp.down_proj,5120,32609.296875,5120,103.1337661743164,316.18448627080926,103.1337661743164,0.5031008124351501,70778880
sthenno-com/miscii-14b-0130,False,0.04970166087150574,5120,5120,3.1072192192077637,5.152228509144272,1.1854051351547241,6.390371322631836,4.049552225972137,1.658147734570822,model.layers.30.self_attn.q_proj,5105,11208.6220703125,5108,45.514286041259766,246.26601986355718,45.514286041259766,1.1215089216420893e-05,26219520
sthenno-com/miscii-14b-0130,False,0.07154327630996704,1024,5120,8.196335792541504,11.203933110690341,0.9846264719963074,11.455437660217285,3.426218292408974,1.3669441314112203,model.layers.30.self_attn.k_proj,1024,2668.199462890625,1024,23.277917861938477,114.62363080391202,23.277917861938477,0.03414909541606903,5243904
sthenno-com/miscii-14b-0130,False,0.08905684947967529,1024,5120,5.615385055541992,4.2793894834492,1.0310372114181519,6.018128871917725,3.3719491732323164,0.7620829989611739,model.layers.30.self_attn.v_proj,1024,2354.773681640625,1024,5.782065391540527,407.25476489521986,5.782065391540527,0.33777230978012085,5243904
sthenno-com/miscii-14b-0130,False,0.021791726350784302,5120,5120,3.9400439262390137,7.014378349664601,1.1995322704315186,7.366762638092041,4.078884900143145,1.7802792255568092,model.layers.30.self_attn.o_proj,5105,11991.814453125,5111,60.29471206665039,198.88666919694592,60.29471206665039,1.0744223800429609e-05,26214400
sthenno-com/miscii-14b-0130,False,0.013420015573501587,13824,5120,4.179684638977051,9.13140050478101,1.2372843027114868,9.179826736450195,4.455710145878755,2.1847104012650718,model.layers.30.mlp.gate_proj,5120,28556.83984375,5120,153.00668334960938,186.63785933127937,153.00668334960938,0.1259964108467102,70778880
sthenno-com/miscii-14b-0130,False,0.021439015865325928,13824,5120,5.357471942901611,9.470132953362462,1.2426059246063232,9.961267471313477,4.533203336379799,1.7676495657452627,model.layers.30.mlp.up_proj,5120,34135.26953125,5120,58.5665397644043,582.8459333360994,58.5665397644043,0.1195836067199707,70778880
sthenno-com/miscii-14b-0130,False,0.010585904121398926,5120,13824,5.367260456085205,10.045816956194187,1.243780255317688,10.239468574523926,4.515494560076341,1.8716842676797256,model.layers.30.mlp.down_proj,5120,32771.3671875,5120,74.41907501220703,440.3624632814165,74.41907501220703,0.4716727137565613,70778880
sthenno-com/miscii-14b-0130,False,0.042679399251937866,5120,5120,2.927978992462158,4.93773346342205,1.1881471872329712,6.141334533691406,4.046710560165146,1.6863964789822057,model.layers.31.self_attn.q_proj,5107,11135.521484375,5110,48.57317352294922,229.25250043861834,48.57317352294922,1.1023242223018315e-05,26219520
sthenno-com/miscii-14b-0130,False,0.07502716779708862,1024,5120,3.482942581176758,4.871877237429092,0.9887604713439941,5.679358005523682,3.4254035751230223,1.398781956314383,model.layers.31.self_attn.k_proj,1024,2663.19873046875,1024,25.048513412475586,106.32162821855628,25.048513412475586,0.033737026154994965,5243904
sthenno-com/miscii-14b-0130,False,0.1069490909576416,1024,5120,13.996159553527832,10.349698600028386,1.0350693464279175,11.568721771240234,3.391788834717556,0.7394670345423199,model.layers.31.self_attn.v_proj,1024,2464.840576171875,1024,5.488668918609619,449.07802105073307,5.488668918609619,0.37862643599510193,5243904
sthenno-com/miscii-14b-0130,False,0.03283900022506714,5120,5120,5.009256839752197,8.6254849405782,1.2029848098754883,8.780125617980957,4.089725704477659,1.7219091007928622,model.layers.31.self_attn.o_proj,5108,12294.919921875,5111,52.711952209472656,233.24728845207764,52.711952209472656,1.0273793122905772e-05,26214400
sthenno-com/miscii-14b-0130,False,0.01447191834449768,13824,5120,4.448249816894531,9.866946379291928,1.2384856939315796,9.885919570922852,4.463941781412629,2.218163724037506,model.layers.31.mlp.gate_proj,5120,29103.26953125,5120,165.2584686279297,176.10758330802642,165.2584686279297,0.14520302414894104,70778880
sthenno-com/miscii-14b-0130,False,0.02628648281097412,13824,5120,5.896208763122559,10.320874096241976,1.243647813796997,10.649054527282715,4.5309812690474365,1.7504254871016762,model.layers.31.mlp.up_proj,5120,33961.0625,5120,56.28925323486328,603.3311964239365,56.28925323486328,0.11802899837493896,70778880
sthenno-com/miscii-14b-0130,False,0.018887817859649658,5120,13824,5.553840160369873,10.084531418486515,1.2445148229599,10.335091590881348,4.514484143616408,1.815776314638286,model.layers.31.mlp.down_proj,5120,32695.2109375,5120,65.4299087524414,499.6982505539568,65.4299087524414,0.48553305864334106,70778880
sthenno-com/miscii-14b-0130,False,0.059830546379089355,5120,5120,2.9961187839508057,4.630664144496198,1.1944698095321655,6.041896343231201,4.049484982028102,1.5455542581626263,model.layers.32.self_attn.q_proj,5108,11206.88671875,5109,35.11997985839844,319.1028800111921,35.11997985839844,1.1298102435830515e-05,26219520
sthenno-com/miscii-14b-0130,False,0.0748947262763977,1024,5120,6.680990695953369,7.730884985768298,1.0000874996185303,8.46494197845459,3.3885022256543955,1.157146497816685,model.layers.32.self_attn.k_proj,1024,2446.2578125,1024,14.359737396240234,170.3553306720286,14.359737396240234,0.034919604659080505,5243904
sthenno-com/miscii-14b-0130,False,0.07829248905181885,1024,5120,21.03424644470215,16.881969348750832,1.0321753025054932,17.450136184692383,3.383157137566413,0.8025944448798098,model.layers.32.self_attn.v_proj,1024,2416.3349609375,1024,6.347379207611084,380.68230712292956,6.347379207611084,0.3719540238380432,5243904
sthenno-com/miscii-14b-0130,False,0.01878190040588379,5120,5120,5.0521368980407715,8.23500803522865,1.2073873281478882,8.596073150634766,4.109289049962129,1.6300049269096812,model.layers.32.self_attn.o_proj,5110,12861.423828125,5112,42.6584358215332,301.49778303949876,42.6584358215332,1.183431868412299e-05,26214400
sthenno-com/miscii-14b-0130,False,0.010966360569000244,13824,5120,4.600368499755859,10.066337570545471,1.2392847537994385,10.086455345153809,4.472110828274409,2.188158964022054,model.layers.32.mlp.gate_proj,5120,29655.880859375,5120,154.2264862060547,192.28785916676586,154.2264862060547,0.14729134738445282,70778880
sthenno-com/miscii-14b-0130,False,0.018367618322372437,13824,5120,6.006800174713135,10.47936310072271,1.2437119483947754,10.808573722839355,4.5267645984792875,1.7445832716123555,model.layers.32.mlp.up_proj,5120,33632.921875,5120,55.537109375,605.5936697731669,55.537109375,0.11928607523441315,70778880
sthenno-com/miscii-14b-0130,False,0.020891129970550537,5120,13824,5.277449131011963,9.409917619782455,1.243493914604187,9.891407012939453,4.512973001176367,1.7830427894580352,model.layers.32.mlp.down_proj,5120,32581.64453125,5120,60.67961120605469,536.9455058077064,60.67961120605469,0.5468705296516418,70778880
sthenno-com/miscii-14b-0130,False,0.041558295488357544,5120,5120,3.029184103012085,4.890664541023621,1.1912610530853271,6.146768569946289,4.033269004226751,1.6145154519200609,model.layers.33.self_attn.q_proj,5107,10796.15234375,5110,41.16379928588867,262.27298089685854,41.16379928588867,1.056864857673645e-05,26219520
sthenno-com/miscii-14b-0130,False,0.05776619911193848,1024,5120,2.8312020301818848,3.660349102008195,0.9879884719848633,4.88706636428833,3.385677739068262,1.292860439836942,model.layers.33.self_attn.k_proj,1024,2430.39990234375,1024,19.627294540405273,123.82755541475488,19.627294540405273,0.02747654914855957,5243904
sthenno-com/miscii-14b-0130,False,0.08811724185943604,1024,5120,26.480470657348633,22.975921686498587,1.0297855138778687,23.390195846557617,3.4139184257146504,0.8676553367876982,model.layers.33.self_attn.v_proj,1024,2593.692138671875,1024,7.373188495635986,351.7734749636496,7.373188495635986,0.35474666953086853,5243904
sthenno-com/miscii-14b-0130,False,0.027163326740264893,5120,5120,5.41240119934082,9.448169176506086,1.2055798768997192,9.533517837524414,4.116789122573082,1.7456520365963972,model.layers.33.self_attn.o_proj,5109,13085.4638671875,5111,55.6739501953125,235.03746045110407,55.6739501953125,1.1183199603692628e-05,26214400
sthenno-com/miscii-14b-0130,False,0.007765293121337891,13824,5120,4.935504913330078,10.971026780106957,1.2403229475021362,10.977778434753418,4.477500672489754,2.2228783017672247,model.layers.33.mlp.gate_proj,5120,30026.220703125,5120,167.06224060058594,179.73074343538818,167.06224060058594,0.1614711880683899,70778880
sthenno-com/miscii-14b-0130,False,0.011183604598045349,13824,5120,6.630950450897217,11.711232275616243,1.2449642419815063,11.84409236907959,4.527951405012499,1.7661468536583058,model.layers.33.mlp.up_proj,5120,33724.95703125,5120,58.36424255371094,577.8359412479977,58.36424255371094,0.11069120466709137,70778880
sthenno-com/miscii-14b-0130,False,0.022727549076080322,5120,13824,6.735000133514404,11.696250269634996,1.2456791400909424,11.91605281829834,4.512305966030621,1.7366369766546317,model.layers.33.mlp.down_proj,5120,32531.640625,5120,54.53018569946289,596.580411522795,54.53018569946289,0.46210142970085144,70778880
sthenno-com/miscii-14b-0130,False,0.04616829752922058,5120,5120,8.503978729248047,13.383167550212274,1.1931800842285156,13.627366065979004,4.0209453438382114,1.5737536482991255,model.layers.34.self_attn.q_proj,5107,10494.103515625,5109,37.476036071777344,280.0217049510195,37.476036071777344,1.1058049494749866e-05,26219520
sthenno-com/miscii-14b-0130,False,0.08256903290748596,1024,5120,9.514689445495605,11.35792833851908,0.9861924052238464,11.7007474899292,3.3366935208845727,1.1937255969921428,model.layers.34.self_attn.k_proj,1024,2171.16845703125,1024,15.621603012084961,138.98499759286045,15.621603012084961,0.04910896345973015,5243904
sthenno-com/miscii-14b-0130,False,0.10178449749946594,1024,5120,12.09461498260498,9.99963635071721,1.0300651788711548,11.03752326965332,3.4023887664493064,0.826784181646058,model.layers.34.self_attn.v_proj,1024,2525.74072265625,1024,6.7109527587890625,376.360974877731,6.7109527587890625,0.26615220308303833,5243904
sthenno-com/miscii-14b-0130,False,0.018201738595962524,5120,5120,4.711940765380859,8.654318866626982,1.2086248397827148,8.73296070098877,4.117560504524478,1.8366781964262373,model.layers.34.self_attn.o_proj,5107,13108.7265625,5112,68.65595245361328,190.93357668232454,68.65595245361328,1.0237089554721024e-05,26214400
sthenno-com/miscii-14b-0130,False,0.015895843505859375,13824,5120,4.665016174316406,10.834747898306276,1.2394826412200928,10.839776992797852,4.487386502066183,2.3225531259586596,model.layers.34.mlp.gate_proj,5120,30717.544921875,5120,210.16148376464844,146.16162948427967,210.16148376464844,0.15219061076641083,70778880
sthenno-com/miscii-14b-0130,False,0.016488850116729736,13824,5120,7.655299186706543,13.281290464696617,1.2451032400131226,13.358440399169922,4.524398505767032,1.7349146180673944,model.layers.34.mlp.up_proj,5120,33450.18359375,5120,54.314353942871094,615.8626802213935,54.314353942871094,0.1154601126909256,70778880
sthenno-com/miscii-14b-0130,False,0.03782761096954346,5120,13824,7.970559597015381,13.5193521821254,1.2465142011642456,13.672335624694824,4.512221790861574,1.6961609806151874,model.layers.34.mlp.down_proj,5120,32525.3359375,5120,49.677642822265625,654.7278431440003,49.677642822265625,0.3753719925880432,70778880
sthenno-com/miscii-14b-0130,False,0.05357751250267029,5120,5120,3.088918447494507,4.8251127067633695,1.1989802122116089,6.081018447875977,4.049371585990715,1.562071899527529,model.layers.35.self_attn.q_proj,5108,11203.9609375,5109,36.4814338684082,307.11405088719073,36.4814338684082,1.2490825611166656e-05,26219520
sthenno-com/miscii-14b-0130,False,0.04952716827392578,1024,5120,7.9286909103393555,8.936427731568681,1.0099612474441528,9.351797103881836,3.39879274621628,1.12710002604783,model.layers.35.self_attn.k_proj,1024,2504.91357421875,1024,13.399852752685547,186.93590298719698,13.399852752685547,0.02688375487923622,5243904
sthenno-com/miscii-14b-0130,False,0.0432092547416687,1024,5120,14.981432914733887,12.427382311864866,1.0338813066482544,12.856244087219238,3.4122485198627266,0.8295189373803376,model.layers.35.self_attn.v_proj,1024,2583.73828125,1024,6.753345012664795,382.5864481089921,6.753345012664795,0.17453508079051971,5243904
sthenno-com/miscii-14b-0130,False,0.03469422459602356,5120,5120,6.383779525756836,10.674315321614314,1.2041324377059937,10.789825439453125,4.107261324372586,1.6720996203810483,model.layers.35.self_attn.o_proj,5106,12801.513671875,5110,47.00019073486328,272.371525981473,47.00019073486328,1.0551583727647085e-05,26214400
sthenno-com/miscii-14b-0130,False,0.012495875358581543,13824,5120,4.782849311828613,11.205806010826306,1.2404180765151978,11.208799362182617,4.497866499863338,2.342914292347216,model.layers.35.mlp.gate_proj,5120,31467.80859375,5120,220.24917602539062,142.8736722725462,220.24917602539062,0.15744072198867798,70778880
sthenno-com/miscii-14b-0130,False,0.023973464965820312,13824,5120,7.9830427169799805,14.127795699080453,1.2456811666488647,14.165756225585938,4.5226803495384535,1.769725679787551,model.layers.35.mlp.up_proj,5120,33318.109375,5120,58.84718322753906,566.1801899025802,58.84718322753906,0.11311736702919006,70778880
sthenno-com/miscii-14b-0130,False,0.04132378101348877,5120,13824,8.519929885864258,13.842487755428557,1.2467314004898071,14.073699951171875,4.512193076825915,1.62471850600498,model.layers.35.mlp.down_proj,5120,32523.185546875,5120,42.14232635498047,771.7463263162106,42.14232635498047,0.26984521746635437,70778880
sthenno-com/miscii-14b-0130,False,0.024774909019470215,5120,5120,2.8862173557281494,4.400825219617825,1.1924868822097778,5.858920574188232,4.005397000616874,1.524772627010817,model.layers.36.self_attn.q_proj,5107,10125.0458984375,5107,33.47901153564453,302.42965470045425,33.47901153564453,1.322198750131065e-05,26219520
sthenno-com/miscii-14b-0130,False,0.08285892009735107,1024,5120,5.543946743011475,5.969612486946059,0.9919487833976746,6.8305768966674805,3.277313687534477,1.0767802729113813,model.layers.36.self_attn.k_proj,1024,1893.7109375,1024,11.933841705322266,158.6841005822493,11.933841705322266,0.04097757861018181,5243904
sthenno-com/miscii-14b-0130,False,0.03672635555267334,1024,5120,3.6287076473236084,4.372135711623553,1.0201687812805176,5.487281799316406,3.484389659154839,1.2048740589086222,model.layers.36.self_attn.v_proj,1024,3050.630859375,1024,16.02780532836914,190.33366059016188,16.02780532836914,0.16231007874011993,5243904
sthenno-com/miscii-14b-0130,False,0.041065752506256104,5120,5120,2.7843689918518066,5.026405075859462,1.1843756437301636,6.401830196380615,4.14762621230593,1.8052223288539568,model.layers.36.self_attn.o_proj,5105,14048.37890625,5111,63.859031677246094,219.99047804628148,63.859031677246094,1.014832014334388e-05,26214400
sthenno-com/miscii-14b-0130,False,0.01490706205368042,13824,5120,4.985541343688965,11.55098919287248,1.2406823635101318,11.553475379943848,4.496509381148457,2.316897684038766,model.layers.36.mlp.gate_proj,5120,31369.62890625,5120,207.44247436523438,151.22085774497148,207.44247436523438,0.17544056475162506,70778880
sthenno-com/miscii-14b-0130,False,0.027916550636291504,13824,5120,7.982855319976807,14.059997385983694,1.2456095218658447,14.115341186523438,4.5245672054585775,1.7612742336440772,model.layers.36.mlp.up_proj,5120,33463.1796875,5120,57.713077545166016,579.8197065701764,57.713077545166016,0.1175926998257637,70778880
sthenno-com/miscii-14b-0130,False,0.044732511043548584,5120,13824,7.725722789764404,13.257109652746754,1.2471178770065308,13.367116928100586,4.516132167121035,1.7159701446071467,model.layers.36.mlp.down_proj,5120,32819.515625,5120,51.99602508544922,631.1927800454952,51.99602508544922,0.15306591987609863,70778880
sthenno-com/miscii-14b-0130,False,0.03997749090194702,5120,5120,3.467247724533081,5.53434752085553,1.2035175561904907,6.410898208618164,4.030777553275967,1.5961788601651807,model.layers.37.self_attn.q_proj,5108,10734.39453125,5110,39.461978912353516,272.01865763223583,39.461978912353516,1.2318480003159493e-05,26219520
sthenno-com/miscii-14b-0130,False,0.05777651071548462,1024,5120,10.24255657196045,11.327257115320343,1.007572054862976,11.484511375427246,3.340219798478283,1.1059013475531412,model.layers.37.self_attn.k_proj,1024,2188.869140625,1024,12.761488914489746,171.52145453338895,12.761488914489746,0.03908301517367363,5243904
sthenno-com/miscii-14b-0130,False,0.06936734914779663,1024,5120,16.303211212158203,14.725909025297103,1.0296459197998047,15.2511625289917,3.4374682174151974,0.903252054682036,model.layers.37.self_attn.v_proj,1024,2738.21923828125,1024,8.002985954284668,342.1496993650541,8.002985954284668,0.24837784469127655,5243904
sthenno-com/miscii-14b-0130,False,0.0336877703666687,5120,5120,7.455671787261963,12.609224233635075,1.2157031297683716,12.61312484741211,4.1226702924926055,1.6912257665604287,model.layers.37.self_attn.o_proj,5110,13263.87109375,5114,49.11631393432617,270.0502140996417,49.11631393432617,1.075364798452938e-05,26214400
sthenno-com/miscii-14b-0130,False,0.019969463348388672,13824,5120,4.755928993225098,11.138941367451123,1.240486741065979,11.142545700073242,4.500442719799214,2.3421168363360207,model.layers.37.mlp.gate_proj,5120,31655.029296875,5120,219.84512329101562,143.9878621049614,219.84512329101562,0.17302806675434113,70778880
sthenno-com/miscii-14b-0130,False,0.025074481964111328,13824,5120,7.759919166564941,13.43605622647802,1.2456876039505005,13.583681106567383,4.524991023303224,1.731468580802977,model.layers.37.mlp.up_proj,5120,33495.8515625,5120,53.88508605957031,621.6163694249299,53.88508605957031,0.12279588729143143,70778880
sthenno-com/miscii-14b-0130,False,0.03899233043193817,5120,13824,6.082798957824707,10.41433739190341,1.247103214263916,10.656452178955078,4.517416742905174,1.7120962675425528,model.layers.37.mlp.down_proj,5120,32916.734375,5120,51.53428649902344,638.7346485455613,51.53428649902344,0.10793279111385345,70778880
sthenno-com/miscii-14b-0130,False,0.053454458713531494,5120,5120,3.4935498237609863,5.201347591566952,1.2051706314086914,6.317375659942627,4.025832809301326,1.4888431120090435,model.layers.38.self_attn.q_proj,5109,10612.869140625,5110,30.820743560791016,344.3417618946186,30.820743560791016,1.1259024176979437e-05,26219520
sthenno-com/miscii-14b-0130,False,0.055051326751708984,1024,5120,8.199431419372559,9.648109084611681,1.0048402547836304,9.775960922241211,3.3106679061362536,1.1766802588062844,model.layers.38.self_attn.k_proj,1024,2044.88037109375,1024,15.020357131958008,136.14059593449798,15.020357131958008,0.039034027606248856,5243904
sthenno-com/miscii-14b-0130,False,0.04430611431598663,1024,5120,9.191923141479492,9.177924014840903,1.0310202836990356,9.775694847106934,3.4707645420983937,0.9984770187453573,model.layers.38.self_attn.v_proj,1024,2956.4091796875,1024,9.964993476867676,296.6794897106944,9.964993476867676,0.1657773107290268,5243904
sthenno-com/miscii-14b-0130,False,0.03146922588348389,5120,5120,3.8287789821624756,5.81089371434229,1.2102638483047485,6.948262691497803,4.121797386589946,1.5176884697220956,model.layers.38.self_attn.o_proj,5111,13237.23828125,5113,32.93733596801758,401.89158874608034,32.93733596801758,1.0637813829816878e-05,26214400
sthenno-com/miscii-14b-0130,False,0.020435571670532227,13824,5120,4.572284698486328,10.786409272332566,1.2399882078170776,10.791213035583496,4.499788831624732,2.3590852240464044,model.layers.38.mlp.gate_proj,5120,31607.404296875,5120,228.604736328125,138.2622460258553,228.604736328125,0.08000954985618591,70778880
sthenno-com/miscii-14b-0130,False,0.03275179862976074,13824,5120,7.773940086364746,13.445897506253035,1.245684266090393,13.5545015335083,4.528316902880568,1.7296116714144387,model.layers.38.mlp.up_proj,5120,33753.3515625,5120,53.655181884765625,629.0790633231201,53.655181884765625,0.059874895960092545,70778880
sthenno-com/miscii-14b-0130,False,0.04621070623397827,5120,13824,4.979118347167969,8.370714107388489,1.246660590171814,9.126847267150879,4.521913726781597,1.6811639177344715,model.layers.38.mlp.down_proj,5120,33259.34765625,5120,47.991455078125,693.026448189731,47.991455078125,0.07934557646512985,70778880
sthenno-com/miscii-14b-0130,False,0.02202463150024414,5120,5120,3.9611055850982666,5.957646830314005,1.2090001106262207,6.754922389984131,4.008007460801557,1.5040363611428975,model.layers.39.self_attn.q_proj,5110,10186.0888671875,5111,31.91805076599121,319.13254797002867,31.91805076599121,1.1095135960204061e-05,26219520
sthenno-com/miscii-14b-0130,False,0.04612201452255249,1024,5120,7.4054484367370605,8.168631513302083,1.0139076709747314,8.349271774291992,3.3011954222931505,1.1030569698897654,model.layers.39.self_attn.k_proj,1024,2000.761962890625,1024,12.678181648254395,157.8114289888015,12.678181648254395,0.03013940341770649,5243904
sthenno-com/miscii-14b-0130,False,0.07022476196289062,1024,5120,15.321805000305176,15.668955671470055,1.035577654838562,15.715265274047852,3.53528342428177,1.0226572960012195,model.layers.39.self_attn.v_proj,1024,3429.91552734375,1024,10.535552024841309,325.55631819353226,10.535552024841309,0.3251895308494568,5243904
sthenno-com/miscii-14b-0130,False,0.03447684645652771,5120,5120,4.304265022277832,7.011608004701711,1.2114664316177368,7.5530900955200195,4.134095172651488,1.6289907727361879,model.layers.39.self_attn.o_proj,5110,13617.4306640625,5112,42.558937072753906,319.966418352594,42.558937072753906,1.0159351404581685e-05,26214400
sthenno-com/miscii-14b-0130,False,0.016613245010375977,13824,5120,4.597197532653809,10.793590901062352,1.2403689622879028,10.797979354858398,4.498821427062602,2.3478631980452604,model.layers.39.mlp.gate_proj,5120,31537.076171875,5120,222.77333068847656,141.5657613701348,222.77333068847656,0.17862509191036224,70778880
sthenno-com/miscii-14b-0130,False,0.028069138526916504,13824,5120,8.191598892211914,14.438782464788243,1.245839238166809,14.485892295837402,4.531369132043545,1.7626329920176853,model.layers.39.mlp.up_proj,5120,33991.40625,5120,57.893924713134766,587.13252588122,57.893924713134766,0.13144861161708832,70778880
sthenno-com/miscii-14b-0130,False,0.06204193830490112,5120,13824,4.170467376708984,7.679998536325763,1.2459946870803833,8.299622535705566,4.524687389997274,1.8415198687841634,model.layers.39.mlp.down_proj,5120,33472.44140625,5120,69.4256362915039,482.13373609866727,69.4256362915039,0.06444738060235977,70778880
sthenno-com/miscii-14b-0130,False,0.01883566379547119,5120,5120,3.576840877532959,5.381038406520354,1.2064059972763062,6.38256311416626,3.9869763109720475,1.5044109007811937,model.layers.40.self_attn.q_proj,5109,9704.5703125,5109,31.945589065551758,303.7843594803151,31.945589065551758,1.25891883726581e-05,26219520
sthenno-com/miscii-14b-0130,False,0.04242300987243652,1024,5120,5.993007183074951,7.778843757143932,1.0021988153457642,7.817746639251709,3.2446042674646947,1.2979867234453548,model.layers.40.self_attn.k_proj,1024,1756.322509765625,1024,19.860342025756836,88.43364869989922,19.860342025756836,0.0416204109787941,5243904
sthenno-com/miscii-14b-0130,False,0.037315189838409424,1024,5120,12.754223823547363,12.970671608445596,1.0277053117752075,13.456480026245117,3.5351107100104344,1.0169706748048923,model.layers.40.self_attn.v_proj,1024,3428.5517578125,1024,10.398499488830566,329.7160096507425,10.398499488830566,0.31247562170028687,5243904
sthenno-com/miscii-14b-0130,False,0.03743371367454529,5120,5120,8.502511978149414,14.149267892760346,1.2186999320983887,14.15011215209961,4.131108862584709,1.664127957610941,model.layers.40.self_attn.o_proj,5110,13524.115234375,5111,46.14535140991211,293.07643827954456,46.14535140991211,1.469472044846043e-05,26214400
sthenno-com/miscii-14b-0130,False,0.013958454132080078,13824,5120,4.624222278594971,10.873682895148871,1.240394115447998,10.87745475769043,4.497950997224509,2.3514619843172295,model.layers.40.mlp.gate_proj,5120,31473.931640625,5120,224.62701416015625,140.1164136838167,224.62701416015625,0.1756184697151184,70778880
sthenno-com/miscii-14b-0130,False,0.02984309196472168,13824,5120,8.571718215942383,15.37725658491626,1.2458664178848267,15.397976875305176,4.533457269832439,1.7939526472436274,model.layers.40.mlp.up_proj,5120,34155.234375,5120,62.223243713378906,548.914398168158,62.223243713378906,0.12565016746520996,70778880
sthenno-com/miscii-14b-0130,False,0.047305941581726074,5120,13824,6.6775617599487305,11.90699997062499,1.2455706596374512,12.234580039978027,4.52752377088323,1.7831358808303122,model.layers.40.mlp.down_proj,5120,33691.765625,5120,60.69261932373047,555.1212981151847,60.69261932373047,0.057280272245407104,70778880
sthenno-com/miscii-14b-0130,False,0.018302202224731445,5120,5120,4.101726055145264,6.204890454959694,1.2112832069396973,6.829939842224121,3.9879972282884197,1.5127510641955697,model.layers.41.self_attn.q_proj,5109,9727.41015625,5110,32.564998626708984,298.70752545562294,32.564998626708984,1.0834682143467944e-05,26219520
sthenno-com/miscii-14b-0130,False,0.03287878632545471,1024,5120,5.059920787811279,5.646150044313213,1.0105780363082886,6.032199859619141,3.2430314445486754,1.1158573979881439,model.layers.41.self_attn.k_proj,1024,1749.973388671875,1024,13.05742073059082,134.02136798518342,13.05742073059082,0.02340342290699482,5243904
sthenno-com/miscii-14b-0130,False,0.042962074279785156,1024,5120,7.75731897354126,8.381950077477226,1.0300043821334839,9.33251953125,3.5670295269014574,1.0805215185899233,model.layers.41.self_attn.v_proj,1024,3690.02685546875,1024,12.037090301513672,306.55472070395007,12.037090301513672,0.4182130694389343,5243904
sthenno-com/miscii-14b-0130,False,0.02415865659713745,5120,5120,5.874313831329346,10.531868333145159,1.2131016254425049,10.56147575378418,4.139156320757506,1.792867837086909,model.layers.41.self_attn.o_proj,5108,13777.052734375,5112,62.06801223754883,221.96703644458583,62.06801223754883,1.1295386684651021e-05,26214400
sthenno-com/miscii-14b-0130,False,0.010726213455200195,13824,5120,4.694638252258301,11.029672562468521,1.240543007850647,11.032776832580566,4.4964439937649985,2.349419054207814,model.layers.41.mlp.gate_proj,5120,31364.90625,5120,223.57284545898438,140.28942640869175,223.57284545898438,0.15634876489639282,70778880
sthenno-com/miscii-14b-0130,False,0.03662383556365967,13824,5120,9.159570693969727,16.298935382950688,1.2461360692977905,16.31604766845703,4.537023143035745,1.7794431559637633,model.layers.41.mlp.up_proj,5120,34436.828125,5120,60.178749084472656,572.2423388472428,60.178749084472656,0.12951621413230896,70778880
sthenno-com/miscii-14b-0130,False,0.04577279090881348,5120,13824,5.679039001464844,9.642297040894588,1.2441693544387817,10.52118968963623,4.531350415922741,1.697874770433425,model.layers.41.mlp.down_proj,5120,33989.94140625,5120,49.87406539916992,681.5153554098622,49.87406539916992,0.05344737321138382,70778880
sthenno-com/miscii-14b-0130,False,0.0352247953414917,5120,5120,3.6777424812316895,5.402921902654129,1.2077401876449585,6.561461448669434,4.000312291320567,1.469086519849174,model.layers.42.self_attn.q_proj,5109,10007.193359375,5109,29.450082778930664,339.8018754138919,29.450082778930664,1.2998165402677841e-05,26219520
sthenno-com/miscii-14b-0130,False,0.04100847244262695,1024,5120,5.147725582122803,6.999877000640407,1.0005406141281128,7.05702018737793,3.2311854470006445,1.3597999522254682,model.layers.42.self_attn.k_proj,1024,1702.885498046875,1024,22.89812660217285,74.3678960131736,22.89812660217285,0.04226262494921684,5243904
sthenno-com/miscii-14b-0130,False,0.08575496077537537,1024,5120,5.0892438888549805,5.6277844109634945,1.0267573595046997,6.895473957061768,3.550885891458074,1.105819358213088,model.layers.42.self_attn.v_proj,1024,3555.37890625,1024,12.759079933166504,278.65480307933444,12.759079933166504,0.4197482764720917,5243904
sthenno-com/miscii-14b-0130,False,0.026686668395996094,5120,5120,6.084766864776611,10.170683375332331,1.2174973487854004,10.209897994995117,4.134027925259257,1.6714992704499823,model.layers.42.self_attn.o_proj,5110,13615.322265625,5112,46.935264587402344,290.08725923491266,46.935264587402344,1.0400310202385299e-05,26214400
sthenno-com/miscii-14b-0130,False,0.011866569519042969,13824,5120,4.861393928527832,11.280484285466684,1.24140465259552,11.283125877380371,4.493498459240868,2.320421766125572,model.layers.42.mlp.gate_proj,5120,31152.8984375,5120,209.1326141357422,148.96241108180055,209.1326141357422,0.15860380232334137,70778880
sthenno-com/miscii-14b-0130,False,0.044151902198791504,13824,5120,9.095536231994629,16.483667078119137,1.246639609336853,16.495952606201172,4.541350892677038,1.8122809538305042,model.layers.42.mlp.up_proj,5120,34781.70703125,5120,64.9054183959961,535.8829492330277,64.9054183959961,0.12254249304533005,70778880
sthenno-com/miscii-14b-0130,False,0.04631686210632324,5120,13824,4.856654167175293,9.119242386677318,1.241891860961914,9.856081008911133,4.5352798754566255,1.8776799979524201,model.layers.42.mlp.down_proj,5120,34298.875,5120,75.45360565185547,454.5690653705236,75.45360565185547,0.055532995611429214,70778880
sthenno-com/miscii-14b-0130,False,0.01809936761856079,5120,5120,3.132120132446289,4.682761259105148,1.1979732513427734,5.96442985534668,3.939892119333732,1.4950771557563973,model.layers.43.self_attn.q_proj,5108,8707.47265625,5108,31.266347885131836,278.49343608150303,31.266347885131836,1.298341067013098e-05,26219520
sthenno-com/miscii-14b-0130,False,0.052038490772247314,1024,5120,3.937080144882202,4.638719862228861,0.9946739077568054,5.0204877853393555,3.141936085751473,1.1782132167816592,model.layers.43.self_attn.k_proj,1024,1386.5517578125,1024,15.073469161987305,91.98624038778975,15.073469161987305,0.027401363477110863,5243904
sthenno-com/miscii-14b-0130,False,0.06997376680374146,1024,5120,6.98469352722168,8.079626217708766,1.0257890224456787,9.120063781738281,3.6581105631608413,1.156761737106971,model.layers.43.self_attn.v_proj,1024,4551.0390625,1024,14.347021102905273,317.21142875982906,14.347021102905273,0.4178484082221985,5243904
sthenno-com/miscii-14b-0130,False,0.06489896774291992,5120,5120,6.328107833862305,10.990020731025979,1.2140744924545288,11.045450210571289,4.169546089965583,1.736699345137157,model.layers.43.self_attn.o_proj,5108,14775.6328125,5112,54.53801727294922,270.92354198634746,54.53801727294922,1.118021464208141e-05,26214400
sthenno-com/miscii-14b-0130,False,0.011040925979614258,13824,5120,5.02743673324585,11.639404429656027,1.2419108152389526,11.641724586486816,4.4873373189140535,2.315176708776067,model.layers.43.mlp.gate_proj,5120,30714.06640625,5120,206.6220703125,148.64852704165307,206.6220703125,0.15757142007350922,70778880
sthenno-com/miscii-14b-0130,False,0.04959416389465332,13824,5120,8.529656410217285,16.441074144370145,1.246701955795288,16.442981719970703,4.54519526118034,1.9275189238192685,model.layers.43.mlp.up_proj,5120,35090.9609375,5120,84.62894439697266,414.6449088729892,84.62894439697266,0.11158129572868347,70778880
sthenno-com/miscii-14b-0130,False,0.03618258237838745,5120,13824,4.807724952697754,8.054925359980729,1.2422277927398682,9.348301887512207,4.536333010960646,1.6754130985510882,model.layers.43.mlp.down_proj,5120,34382.1484375,5120,47.36015319824219,725.9720696759935,47.36015319824219,0.05885696038603783,70778880
sthenno-com/miscii-14b-0130,False,0.019891798496246338,5120,5120,3.2117016315460205,4.633651245799973,1.2010759115219116,5.866673946380615,3.9239243986084693,1.4427402596453105,model.layers.44.self_attn.q_proj,5106,8393.138671875,5106,27.71661949157715,302.81970982881245,27.71661949157715,1.5104307749425061e-05,26219520
sthenno-com/miscii-14b-0130,False,0.08043217658996582,1024,5120,7.339885234832764,7.236416832776768,0.9965163469314575,7.525233268737793,3.089148285108802,0.985903267047696,model.layers.44.self_attn.k_proj,1024,1227.8583984375,1024,9.680622100830078,126.83672450474187,9.680622100830078,0.023269329220056534,5243904
sthenno-com/miscii-14b-0130,False,0.03202444314956665,1024,5120,7.140105724334717,10.693693742856993,1.030208706855774,10.713268280029297,3.6862747478173903,1.497694033634689,model.layers.44.self_attn.v_proj,1024,4855.9560546875,1024,31.45531463623047,154.3763307042039,31.45531463623047,0.28690773248672485,5243904
sthenno-com/miscii-14b-0130,False,0.0593569278717041,5120,5120,8.526464462280273,15.231510203804122,1.2092852592468262,15.235672950744629,4.179512575521984,1.7863805415698275,model.layers.44.self_attn.o_proj,5108,15118.634765625,5112,61.14775848388672,247.24757113719826,61.14775848388672,1.2676056030613836e-05,26214400
sthenno-com/miscii-14b-0130,False,0.020461559295654297,13824,5120,4.768593788146973,10.931378265005238,1.2419403791427612,10.938011169433594,4.480745848222771,2.292369354709297,model.layers.44.mlp.gate_proj,5120,30251.42578125,5120,196.05113220214844,154.3037545432675,196.05113220214844,0.13774001598358154,70778880
sthenno-com/miscii-14b-0130,False,0.04575708508491516,13824,5120,7.4390645027160645,15.130620900161691,1.2464107275009155,15.132389068603516,4.548206776026681,2.033941350372399,model.layers.44.mlp.up_proj,5120,35335.13671875,5120,108.12879180908203,326.78749228179305,108.12879180908203,0.10042627900838852,70778880
sthenno-com/miscii-14b-0130,False,0.019249916076660156,5120,13824,6.150707244873047,10.334271449829199,1.2445255517959595,10.928348541259766,4.535096385184071,1.6801761225822254,model.layers.44.mlp.down_proj,5120,34284.38671875,5120,47.882423400878906,716.0119368168967,47.882423400878906,0.05969908833503723,70778880
sthenno-com/miscii-14b-0130,False,0.025262415409088135,5120,5120,3.2370855808258057,4.719550550754409,1.1998353004455566,6.001920700073242,3.927407408918284,1.4579628597741352,model.layers.45.self_attn.q_proj,5108,8460.7216796875,5109,28.705350875854492,294.743712288298,28.705350875854492,1.0599438610370271e-05,26219520
sthenno-com/miscii-14b-0130,False,0.058472126722335815,1024,5120,3.712468385696411,3.946960984299596,0.9928082823753357,4.59218692779541,3.0779298940941113,1.0631635274004352,model.layers.45.self_attn.k_proj,1024,1196.54736328125,1024,11.565476417541504,103.45854507700449,11.565476417541504,0.03577376902103424,5243904
sthenno-com/miscii-14b-0130,False,0.07862046360969543,1024,5120,5.493505954742432,6.796329189890018,1.0221234560012817,8.10039234161377,3.705485266288705,1.2371569715006654,model.layers.45.self_attn.v_proj,1024,5075.5751953125,1024,17.264617919921875,293.9871139259749,17.264617919921875,0.05539606139063835,5243904
sthenno-com/miscii-14b-0130,False,0.01354295015335083,5120,5120,4.15449333190918,7.849589479070054,1.2071017026901245,8.11405086517334,4.167202837267497,1.8894216097977965,model.layers.45.self_attn.o_proj,5103,14696.125,5110,77.52140045166016,189.5750710691047,77.52140045166016,1.0016859960160218e-05,26214400
sthenno-com/miscii-14b-0130,False,0.02062612771987915,13824,5120,4.1352386474609375,9.985364697672193,1.2412288188934326,9.995369911193848,4.480867858491097,2.4147009517342535,model.layers.45.mlp.gate_proj,5120,30259.92578125,5120,259.83697509765625,116.45735088271103,259.83697509765625,0.11484680324792862,70778880
sthenno-com/miscii-14b-0130,False,0.04832941293716431,13824,5120,6.416032314300537,14.932178023090838,1.244949221611023,14.932640075683594,4.5440445840593515,2.3273227583048284,model.layers.45.mlp.up_proj,5120,34998.109375,5120,212.4822998046875,164.71070487833603,212.4822998046875,0.07669265568256378,70778880
sthenno-com/miscii-14b-0130,False,0.03260982036590576,5120,13824,5.677338123321533,10.127274837282881,1.2448654174804688,10.491035461425781,4.520547753055358,1.7838068857801104,model.layers.45.mlp.down_proj,5120,33154.90234375,5120,60.78646469116211,545.432318069494,60.78646469116211,0.06841475516557693,70778880
sthenno-com/miscii-14b-0130,False,0.02173633873462677,5120,5120,3.004777669906616,4.9017014196950885,1.1924010515213013,5.862939834594727,3.917995504629698,1.6313025315604883,model.layers.46.self_attn.q_proj,5105,8279.3359375,5107,42.78608322143555,193.5053483313964,42.78608322143555,1.3007937923248392e-05,26219520
sthenno-com/miscii-14b-0130,False,0.03939145803451538,1024,5120,3.779780387878418,4.212287390596134,0.9917500615119934,4.701953411102295,3.0715918134352034,1.1144264899899332,model.layers.46.self_attn.k_proj,1024,1179.2117919921875,1024,13.014470100402832,90.60774529388544,13.014470100402832,0.021725887432694435,5243904
sthenno-com/miscii-14b-0130,False,0.026728391647338867,1024,5120,5.907486915588379,9.590915692662525,1.0172303915023804,9.77576732635498,3.7537137147463775,1.6235187364282604,model.layers.46.self_attn.v_proj,1024,5671.7060546875,1024,42.026065826416016,134.95686410700088,42.026065826416016,0.1875883787870407,5243904
sthenno-com/miscii-14b-0130,False,0.03533071279525757,5120,5120,4.455561637878418,9.718842798699505,1.2044047117233276,9.72874641418457,4.166432426669871,2.1812834359816593,model.layers.46.self_attn.o_proj,5098,14670.078125,5109,151.8040771484375,96.63823528702238,151.8040771484375,1.1413500942580868e-05,26214400
sthenno-com/miscii-14b-0130,False,0.020984411239624023,13824,5120,3.598268508911133,8.7954704806235,1.2397232055664062,8.83443546295166,4.489667814881662,2.444361908746239,model.layers.46.mlp.gate_proj,5120,30879.326171875,5120,278.20306396484375,110.99563653898934,278.20306396484375,0.08603520691394806,70778880
sthenno-com/miscii-14b-0130,False,0.0463603138923645,13824,5120,5.401930809020996,13.80573329267111,1.241898536682129,13.806302070617676,4.534635660637908,2.5557034661784486,model.layers.46.mlp.up_proj,5120,34248.03515625,5120,359.5037841796875,95.26474174506079,359.5037841796875,0.05686897411942482,70778880
sthenno-com/miscii-14b-0130,False,0.046536922454833984,5120,13824,6.520814418792725,13.119156949092279,1.2458200454711914,13.185447692871094,4.487683388129806,2.011889329541935,model.layers.46.mlp.down_proj,5120,30738.55078125,5120,102.77543640136719,299.08460481945565,102.77543640136719,0.10020657628774643,70778880
sthenno-com/miscii-14b-0130,False,0.018597185611724854,5120,5120,3.7200396060943604,6.297203146215971,1.2054270505905151,6.717825889587402,3.9564055702562086,1.6927785220080906,model.layers.47.self_attn.q_proj,5106,9044.9375,5109,49.292236328125,183.49618872615787,49.292236328125,1.2881516340712551e-05,26219520
sthenno-com/miscii-14b-0130,False,0.05025964975357056,1024,5120,3.451076030731201,3.483371380398711,1.0016250610351562,4.455185890197754,3.113863823330835,1.0093580522074639,model.layers.47.self_attn.k_proj,1024,1299.761962890625,1024,10.217815399169922,127.20546536750072,10.217815399169922,0.03554212674498558,5243904
sthenno-com/miscii-14b-0130,False,0.05195432901382446,1024,5120,6.162222385406494,10.805547460621726,1.0118361711502075,10.807012557983398,3.535276747025742,1.7535146875276122,model.layers.47.self_attn.v_proj,1024,3429.86279296875,1024,56.69107437133789,60.500931248938095,56.69107437133789,0.1469787359237671,5243904
sthenno-com/miscii-14b-0130,False,0.028228938579559326,5120,5120,3.515151262283325,9.635179431628892,1.180541753768921,9.640089988708496,4.079083476373351,2.7410426216965127,model.layers.47.self_attn.o_proj,5074,11997.298828125,5109,550.8617553710938,21.77914642130655,550.8617553710938,1.055177654052386e-05,26214400
sthenno-com/miscii-14b-0130,False,0.0388721227645874,13824,5120,4.422549247741699,11.565378933091937,1.2377821207046509,11.578593254089355,4.512704793932061,2.615093305969991,model.layers.47.mlp.gate_proj,5120,32561.529296875,5120,412.1860656738281,78.9971617396733,412.1860656738281,0.00333672808483243,70778880
sthenno-com/miscii-14b-0130,False,0.05180191993713379,13824,5120,4.908454895019531,12.99595679984969,1.2386114597320557,13.024320602416992,4.542683464749824,2.6476675609337503,model.layers.47.mlp.up_proj,5120,34888.59375,5120,444.2910461425781,78.52643903790005,444.2910461425781,0.0018830359913408756,70778880
sthenno-com/miscii-14b-0130,False,0.0338631272315979,5120,13824,5.222448825836182,11.592956882291649,1.2422666549682617,11.60708999633789,4.45980292022672,2.21983159029528,model.layers.47.mlp.down_proj,5120,28827.23046875,5120,165.89434814453125,173.76861111407487,165.89434814453125,0.07165756821632385,70778880
